0,	0,	150,	0,	0,	0,
50,	0,	100,	0.08,	0.12,	0.10,
0,	50,	100,	0.05,	0.08,	0.09,
0,	0,	150,	0.14,	0.1,	0.07,
20,	30,	100,	0.11,	0.06,	0.04,
60,	30,	80,	0.03,	-0.06,	-0.1,
0,	0,	150,	0.15,	-0.1,	0.05,
0,	-50,	100,	-0.05,	0.1,	0.05,
-50,	0,	100,	0.1,	0.15,	-0.15,
0,	0,	100,	0,	0,	-0.1,
50,	0,	100,	0,	0,	0,
0,	80,	100,	0,	0,	0,
0,	0,	100,	-0.05,	-0.08,	0.09,
0,	0,	100,	0,	0.07,	-0.1,
20,	-30,	40,	0,	0.06,	0.04,
-60,	0,	110,	0.06,	-0.1,	-0.03,
0,	0,	150,	-0.15,	-0.1,	0.07,
0,	-50,	100,	-0.05,	0,	0.1,
-50,	0,	100,	-0.08,	0.06,	0.11,
0,	0,	30,	0,	0.04,	0