Monday, December 01 04:20PM, 2008



Session #1

Time Stamp 	X-axis 		Y-axis 		Z-axis 		
5344245   	2092.396  	2969.960  	-103.580  	
5344254   	2092.395  	2969.961  	-103.579  	
5344263   	2092.395  	2969.961  	-103.580  	
5344275   	2092.395  	2969.961  	-103.580  	
5344284   	2092.394  	2969.961  	-103.581  	
5344293   	2092.394  	2969.961  	-103.580  	
5344302   	2092.394  	2969.961  	-103.580  	
5344314   	2092.394  	2969.960  	-103.579  	
5344326   	2092.393  	2969.961  	-103.579  	
5344335   	2092.393  	2969.961  	-103.579  	
5344344   	2092.393  	2969.961  	-103.578  	
5344353   	2092.392  	2969.962  	-103.579  	
5344362   	2092.392  	2969.962  	-103.579  	
5344374   	2092.393  	2969.962  	-103.579  	
5344383   	2092.392  	2969.963  	-103.579  	
5344392   	2092.392  	2969.964  	-103.579  	
5344404   	2092.392  	2969.964  	-103.578  	
5344413   	2092.391  	2969.964  	-103.579  	
5344425   	2092.392  	2969.963  	-103.579  	
5344434   	2092.390  	2969.964  	-103.579  	
5344443   	2092.390  	2969.964  	-103.579  	
5344452   	2092.389  	2969.964  	-103.579  	
5344464   	2092.389  	2969.964  	-103.578  	
5344473   	2092.389  	2969.964  	-103.578  	
5344482   	2092.388  	2969.965  	-103.578  	
5344494   	2092.388  	2969.965  	-103.577  	
5344503   	2092.388  	2969.966  	-103.577  	
5344515   	2092.388  	2969.966  	-103.578  	
5344524   	2092.388  	2969.967  	-103.576  	
5344533   	2092.387  	2969.968  	-103.577  	
5344542   	2092.387  	2969.967  	-103.576  	
5344554   	2092.386  	2969.968  	-103.577  	
5344563   	2092.387  	2969.967  	-103.576  	
5344575   	2092.386  	2969.967  	-103.577  	
5344584   	2092.386  	2969.967  	-103.576  	
5344593   	2092.386  	2969.966  	-103.576  	
5344605   	2092.386  	2969.966  	-103.575  	
5344614   	2092.386  	2969.966  	-103.575  	
5344623   	2092.386  	2969.966  	-103.575  	
5344632   	2092.386  	2969.966  	-103.575  	
5344644   	2092.386  	2969.967  	-103.574  	
5344653   	2092.386  	2969.967  	-103.574  	
5344665   	2092.385  	2969.967  	-103.574  	
5344674   	2092.386  	2969.967  	-103.574  	
5344683   	2092.385  	2969.967  	-103.574  	
5344695   	2092.386  	2969.967  	-103.574  	
5344704   	2092.386  	2969.966  	-103.574  	
5344713   	2092.386  	2969.966  	-103.574  	
5344722   	2092.386  	2969.966  	-103.574  	
5344734   	2092.386  	2969.966  	-103.573  	
5344743   	2092.386  	2969.966  	-103.574  	
5344755   	2092.387  	2969.966  	-103.574  	
5344764   	2092.387  	2969.966  	-103.574  	
5344773   	2092.387  	2969.966  	-103.573  	
5344785   	2092.387  	2969.966  	-103.573  	
5344794   	2092.387  	2969.966  	-103.574  	
5344803   	2092.387  	2969.966  	-103.575  	
5344812   	2092.388  	2969.966  	-103.575  	
5344824   	2092.387  	2969.966  	-103.575  	
5344833   	2092.387  	2969.966  	-103.575  	
5344845   	2092.387  	2969.966  	-103.575  	
5344854   	2092.388  	2969.965  	-103.575  	
5344863   	2092.387  	2969.966  	-103.575  	
5344872   	2092.388  	2969.965  	-103.576  	
5344881   	2092.388  	2969.965  	-103.576  	
5344893   	2092.388  	2969.965  	-103.578  	
5344902   	2092.389  	2969.964  	-103.578  	
5344914   	2092.389  	2969.965  	-103.578  	
5344923   	2092.389  	2969.964  	-103.579  	
5344935   	2092.389  	2969.965  	-103.579  	
5344944   	2092.389  	2969.965  	-103.579  	
5344953   	2092.389  	2969.965  	-103.580  	
5344962   	2092.390  	2969.964  	-103.580  	
5344974   	2092.391  	2969.964  	-103.581  	
5344983   	2092.390  	2969.964  	-103.580  	
5344995   	2092.390  	2969.964  	-103.580  	
5345004   	2092.390  	2969.964  	-103.581  	
5345013   	2092.390  	2969.964  	-103.582  	
5345025   	2092.391  	2969.963  	-103.581  	
5345034   	2092.390  	2969.964  	-103.582  	
5345043   	2092.391  	2969.963  	-103.583  	
5345052   	2092.391  	2969.963  	-103.583  	
5345064   	2092.391  	2969.963  	-103.583  	
5345076   	2092.391  	2969.964  	-103.583  	
5345085   	2092.390  	2969.964  	-103.584  	
5345094   	2092.391  	2969.964  	-103.584  	
5345103   	2092.391  	2969.964  	-103.584  	
5345115   	2092.390  	2969.964  	-103.584  	
5345124   	2092.392  	2969.963  	-103.584  	
5345130   	2092.391  	2969.964  	-103.585  	
5345142   	2092.391  	2969.964  	-103.586  	
5345154   	2092.391  	2969.964  	-103.585  	
5345163   	2092.390  	2969.964  	-103.585  	
5345175   	2092.391  	2969.964  	-103.585  	
5345184   	2092.391  	2969.964  	-103.585  	
5345193   	2092.390  	2969.964  	-103.585  	
5345202   	2092.390  	2969.964  	-103.585  	
5345214   	2092.391  	2969.963  	-103.585  	
5345223   	2092.391  	2969.964  	-103.585  	
5345232   	2092.390  	2969.965  	-103.585  	


Session #2

Time Stamp 	X-axis 		Y-axis 		Z-axis 		
5351151   	2111.479  	2821.084  	-103.196  	
5351163   	2111.479  	2821.084  	-103.196  	
5351172   	2111.479  	2821.084  	-103.196  	
5351184   	2111.479  	2821.085  	-103.196  	
5351193   	2111.479  	2821.084  	-103.195  	
5351202   	2111.480  	2821.084  	-103.196  	
5351211   	2111.479  	2821.084  	-103.195  	
5351223   	2111.480  	2821.084  	-103.196  	
5351232   	2111.480  	2821.084  	-103.196  	
5351244   	2111.480  	2821.084  	-103.195  	
5351253   	2111.480  	2821.085  	-103.195  	
5351262   	2111.480  	2821.085  	-103.195  	
5351271   	2111.480  	2821.085  	-103.195  	
5351283   	2111.480  	2821.084  	-103.196  	
5351292   	2111.481  	2821.084  	-103.196  	
5351301   	2111.479  	2821.084  	-103.195  	
5351310   	2111.480  	2821.084  	-103.195  	
5351322   	2111.478  	2821.085  	-103.195  	
5351334   	2111.479  	2821.084  	-103.195  	
5351343   	2111.480  	2821.083  	-103.196  	
5351352   	2111.479  	2821.084  	-103.195  	
5351361   	2111.479  	2821.084  	-103.195  	
5351373   	2111.480  	2821.084  	-103.195  	
5351382   	2111.480  	2821.084  	-103.194  	
5351391   	2111.480  	2821.084  	-103.194  	
5351400   	2111.480  	2821.084  	-103.195  	
5351412   	2111.480  	2821.084  	-103.195  	
5351424   	2111.481  	2821.083  	-103.196  	
5351433   	2111.481  	2821.083  	-103.195  	
5351439   	2111.481  	2821.083  	-103.195  	
5351451   	2111.479  	2821.085  	-103.195  	
5351463   	2111.479  	2821.084  	-103.195  	
5351472   	2111.479  	2821.085  	-103.195  	
5351481   	2111.479  	2821.084  	-103.195  	
5351493   	2111.479  	2821.084  	-103.195  	
5351502   	2111.479  	2821.084  	-103.195  	
5351514   	2111.479  	2821.084  	-103.195  	
5351523   	2111.479  	2821.085  	-103.196  	
5351532   	2111.479  	2821.085  	-103.196  	
5351541   	2111.479  	2821.085  	-103.196  	
5351553   	2111.479  	2821.085  	-103.196  	
5351562   	2111.480  	2821.085  	-103.196  	
5351574   	2111.480  	2821.085  	-103.195  	
5351583   	2111.479  	2821.085  	-103.196  	
5351592   	2111.480  	2821.085  	-103.196  	
5351601   	2111.479  	2821.086  	-103.196  	
5351613   	2111.479  	2821.086  	-103.196  	
5351622   	2111.480  	2821.085  	-103.195  	
5351631   	2111.480  	2821.085  	-103.197  	
5351643   	2111.480  	2821.085  	-103.197  	
5351652   	2111.480  	2821.085  	-103.197  	
5351664   	2111.479  	2821.086  	-103.197  	
5351673   	2111.479  	2821.086  	-103.196  	
5351682   	2111.479  	2821.086  	-103.197  	
5351691   	2111.478  	2821.087  	-103.196  	
5351703   	2111.479  	2821.086  	-103.195  	
5351712   	2111.479  	2821.086  	-103.196  	
5351721   	2111.480  	2821.086  	-103.195  	
5351730   	2111.480  	2821.086  	-103.196  	
5351742   	2111.481  	2821.085  	-103.196  	
5351754   	2111.480  	2821.085  	-103.196  	
5351763   	2111.480  	2821.085  	-103.195  	
5351772   	2111.480  	2821.084  	-103.196  	
5351781   	2111.479  	2821.085  	-103.195  	
5351793   	2111.479  	2821.085  	-103.195  	
5351802   	2111.479  	2821.084  	-103.195  	
5351811   	2111.479  	2821.084  	-103.195  	
5351823   	2111.479  	2821.084  	-103.196  	
5351832   	2111.480  	2821.084  	-103.195  	
5351844   	2111.480  	2821.084  	-103.195  	
5351853   	2111.480  	2821.084  	-103.195  	
5351862   	2111.481  	2821.085  	-103.195  	
5351871   	2111.480  	2821.086  	-103.196  	
5351883   	2111.482  	2821.085  	-103.196  	
5351892   	2111.480  	2821.087  	-103.195  	
5351901   	2111.480  	2821.087  	-103.194  	
5351913   	2111.479  	2821.087  	-103.194  	
5351922   	2111.480  	2821.086  	-103.195  	
5351934   	2111.480  	2821.086  	-103.193  	
5351940   	2111.479  	2821.087  	-103.194  	
5351952   	2111.479  	2821.087  	-103.194  	
5351961   	2111.479  	2821.087  	-103.193  	
5351973   	2111.479  	2821.087  	-103.193  	
5351982   	2111.478  	2821.087  	-103.193  	
5351994   	2111.479  	2821.087  	-103.193  	
5352003   	2111.478  	2821.088  	-103.193  	
5352012   	2111.478  	2821.088  	-103.193  	
5352021   	2111.478  	2821.087  	-103.193  	
5352033   	2111.478  	2821.087  	-103.193  	
5352042   	2111.477  	2821.088  	-103.194  	
5352051   	2111.478  	2821.087  	-103.193  	
5352060   	2111.477  	2821.088  	-103.193  	
5352072   	2111.478  	2821.087  	-103.193  	
5352084   	2111.476  	2821.088  	-103.193  	
5352093   	2111.477  	2821.087  	-103.192  	
5352102   	2111.477  	2821.087  	-103.193  	
5352111   	2111.477  	2821.087  	-103.193  	
5352123   	2111.478  	2821.086  	-103.193  	
5352129   	2111.478  	2821.086  	-103.193  	
5352141   	2111.477  	2821.086  	-103.193  	


Session #3

Time Stamp 	X-axis 		Y-axis 		Z-axis 		
5356243   	2157.318  	2876.946  	-109.857  	
5356252   	2157.318  	2876.946  	-109.857  	
5356261   	2157.318  	2876.946  	-109.857  	
5356270   	2157.318  	2876.947  	-109.857  	
5356282   	2157.318  	2876.947  	-109.858  	
5356291   	2157.317  	2876.948  	-109.858  	
5356300   	2157.317  	2876.947  	-109.858  	
5356312   	2157.318  	2876.946  	-109.857  	
5356321   	2157.317  	2876.946  	-109.858  	
5356333   	2157.317  	2876.946  	-109.858  	
5356342   	2157.317  	2876.946  	-109.858  	
5356351   	2157.317  	2876.945  	-109.857  	
5356360   	2157.317  	2876.946  	-109.858  	
5356372   	2157.317  	2876.946  	-109.858  	
5356378   	2157.318  	2876.946  	-109.858  	
5356390   	2157.317  	2876.946  	-109.858  	
5356402   	2157.318  	2876.946  	-109.859  	
5356411   	2157.318  	2876.946  	-109.858  	
5356423   	2157.318  	2876.946  	-109.859  	
5356432   	2157.318  	2876.946  	-109.858  	
5356441   	2157.317  	2876.946  	-109.859  	
5356450   	2157.318  	2876.946  	-109.858  	
5356462   	2157.316  	2876.946  	-109.858  	
5356471   	2157.316  	2876.946  	-109.858  	
5356480   	2157.316  	2876.946  	-109.859  	
5356492   	2157.316  	2876.946  	-109.859  	
5356501   	2157.317  	2876.945  	-109.859  	
5356513   	2157.316  	2876.946  	-109.859  	
5356522   	2157.316  	2876.946  	-109.860  	
5356531   	2157.316  	2876.946  	-109.860  	
5356540   	2157.316  	2876.947  	-109.859  	
5356552   	2157.316  	2876.947  	-109.859  	
5356561   	2157.316  	2876.947  	-109.859  	
5356573   	2157.316  	2876.947  	-109.859  	
5356582   	2157.315  	2876.948  	-109.860  	
5356591   	2157.316  	2876.947  	-109.860  	
5356603   	2157.315  	2876.947  	-109.861  	
5356612   	2157.316  	2876.946  	-109.860  	
5356621   	2157.314  	2876.947  	-109.861  	
5356630   	2157.315  	2876.947  	-109.861  	
5356642   	2157.313  	2876.948  	-109.862  	
5356651   	2157.314  	2876.948  	-109.862  	
5356663   	2157.316  	2876.947  	-109.862  	
5356672   	2157.315  	2876.948  	-109.861  	
5356681   	2157.315  	2876.948  	-109.862  	
5356693   	2157.316  	2876.948  	-109.860  	
5356702   	2157.315  	2876.948  	-109.861  	
5356711   	2157.314  	2876.948  	-109.861  	
5356720   	2157.315  	2876.948  	-109.862  	
5356732   	2157.315  	2876.948  	-109.861  	
5356741   	2157.315  	2876.948  	-109.862  	
5356753   	2157.314  	2876.948  	-109.861  	
5356762   	2157.315  	2876.948  	-109.862  	
5356771   	2157.314  	2876.948  	-109.861  	
5356780   	2157.314  	2876.948  	-109.862  	
5356792   	2157.314  	2876.948  	-109.863  	
5356801   	2157.315  	2876.948  	-109.863  	
5356810   	2157.316  	2876.948  	-109.863  	
5356822   	2157.316  	2876.948  	-109.862  	
5356831   	2157.315  	2876.948  	-109.862  	
5356843   	2157.316  	2876.948  	-109.862  	
5356852   	2157.316  	2876.948  	-109.862  	
5356861   	2157.315  	2876.948  	-109.863  	
5356870   	2157.315  	2876.948  	-109.862  	
5356882   	2157.315  	2876.948  	-109.863  	
5356891   	2157.316  	2876.948  	-109.862  	
5356900   	2157.316  	2876.947  	-109.863  	
5356912   	2157.317  	2876.947  	-109.862  	
5356921   	2157.316  	2876.947  	-109.863  	
5356933   	2157.317  	2876.947  	-109.863  	
5356939   	2157.317  	2876.947  	-109.863  	
5356951   	2157.317  	2876.947  	-109.862  	
5356960   	2157.317  	2876.947  	-109.862  	
5356972   	2157.317  	2876.947  	-109.862  	
5356981   	2157.317  	2876.947  	-109.863  	
5356993   	2157.317  	2876.947  	-109.862  	
5357002   	2157.315  	2876.948  	-109.862  	
5357011   	2157.316  	2876.947  	-109.862  	
5357023   	2157.315  	2876.948  	-109.862  	
5357032   	2157.316  	2876.948  	-109.862  	
5357041   	2157.317  	2876.947  	-109.862  	
5357050   	2157.317  	2876.947  	-109.862  	
5357062   	2157.316  	2876.948  	-109.862  	
5357071   	2157.316  	2876.948  	-109.862  	
5357083   	2157.316  	2876.947  	-109.862  	
5357092   	2157.316  	2876.947  	-109.861  	
5357101   	2157.316  	2876.947  	-109.861  	
5357110   	2157.316  	2876.947  	-109.861  	
5357122   	2157.316  	2876.947  	-109.861  	
5357131   	2157.316  	2876.947  	-109.862  	
5357140   	2157.316  	2876.947  	-109.862  	
5357149   	2157.316  	2876.947  	-109.862  	
5357161   	2157.314  	2876.949  	-109.862  	
5357173   	2157.316  	2876.948  	-109.863  	
5357182   	2157.315  	2876.948  	-109.863  	
5357191   	2157.316  	2876.948  	-109.863  	
5357200   	2157.316  	2876.947  	-109.863  	
5357212   	2157.317  	2876.947  	-109.863  	
5357221   	2157.316  	2876.947  	-109.863  	
5357230   	2157.316  	2876.947  	-109.864  	


Session #4

Time Stamp 	X-axis 		Y-axis 		Z-axis 		
5363185   	2111.553  	2870.943  	-66.009   	
5363191   	2111.553  	2870.943  	-66.009   	
5363200   	2111.553  	2870.943  	-66.008   	
5363212   	2111.554  	2870.943  	-66.009   	
5363221   	2111.553  	2870.944  	-66.009   	
5363230   	2111.553  	2870.944  	-66.010   	
5363242   	2111.553  	2870.944  	-66.010   	
5363251   	2111.552  	2870.944  	-66.010   	
5363260   	2111.553  	2870.943  	-66.009   	
5363272   	2111.552  	2870.943  	-66.010   	
5363281   	2111.553  	2870.943  	-66.010   	
5363290   	2111.552  	2870.944  	-66.010   	
5363302   	2111.553  	2870.943  	-66.010   	
5363311   	2111.552  	2870.944  	-66.010   	
5363323   	2111.553  	2870.944  	-66.010   	
5363332   	2111.553  	2870.943  	-66.010   	
5363341   	2111.552  	2870.944  	-66.010   	
5363350   	2111.553  	2870.943  	-66.010   	
5363362   	2111.553  	2870.943  	-66.010   	
5363371   	2111.553  	2870.943  	-66.010   	
5363380   	2111.553  	2870.943  	-66.010   	
5363389   	2111.552  	2870.943  	-66.009   	
5363401   	2111.553  	2870.943  	-66.010   	
5363413   	2111.554  	2870.942  	-66.010   	
5363422   	2111.554  	2870.942  	-66.010   	
5363431   	2111.553  	2870.942  	-66.011   	
5363440   	2111.553  	2870.942  	-66.011   	
5363452   	2111.553  	2870.942  	-66.011   	
5363461   	2111.552  	2870.942  	-66.012   	
5363470   	2111.552  	2870.942  	-66.012   	
5363479   	2111.552  	2870.942  	-66.012   	
5363491   	2111.552  	2870.942  	-66.012   	
5363503   	2111.552  	2870.942  	-66.012   	
5363512   	2111.551  	2870.942  	-66.012   	
5363521   	2111.552  	2870.942  	-66.011   	
5363530   	2111.551  	2870.942  	-66.011   	
5363542   	2111.552  	2870.941  	-66.011   	
5363551   	2111.552  	2870.942  	-66.011   	
5363560   	2111.552  	2870.942  	-66.011   	
5363572   	2111.553  	2870.942  	-66.011   	
5363581   	2111.552  	2870.942  	-66.011   	
5363593   	2111.553  	2870.942  	-66.011   	
5363602   	2111.553  	2870.942  	-66.011   	
5363611   	2111.553  	2870.943  	-66.011   	
5363620   	2111.552  	2870.943  	-66.010   	
5363629   	2111.552  	2870.943  	-66.010   	
5363641   	2111.552  	2870.943  	-66.010   	
5363650   	2111.552  	2870.943  	-66.010   	
5363662   	2111.553  	2870.942  	-66.009   	
5363671   	2111.552  	2870.943  	-66.010   	
5363680   	2111.552  	2870.943  	-66.009   	
5363689   	2111.552  	2870.943  	-66.009   	
5363701   	2111.552  	2870.943  	-66.009   	
5363710   	2111.552  	2870.943  	-66.008   	
5363719   	2111.552  	2870.943  	-66.007   	
5363731   	2111.552  	2870.943  	-66.008   	
5363743   	2111.552  	2870.944  	-66.008   	
5363752   	2111.552  	2870.943  	-66.008   	
5363761   	2111.552  	2870.943  	-66.009   	
5363770   	2111.552  	2870.943  	-66.008   	
5363782   	2111.551  	2870.944  	-66.008   	
5363791   	2111.552  	2870.943  	-66.008   	
5363800   	2111.551  	2870.944  	-66.008   	
5363809   	2111.551  	2870.943  	-66.008   	
5363821   	2111.551  	2870.944  	-66.008   	
5363833   	2111.551  	2870.943  	-66.008   	
5363842   	2111.550  	2870.944  	-66.008   	
5363851   	2111.550  	2870.944  	-66.008   	
5363860   	2111.549  	2870.945  	-66.008   	
5363872   	2111.549  	2870.944  	-66.008   	
5363881   	2111.549  	2870.944  	-66.008   	
5363890   	2111.549  	2870.944  	-66.008   	
5363899   	2111.550  	2870.944  	-66.009   	
5363911   	2111.550  	2870.944  	-66.009   	
5363923   	2111.549  	2870.945  	-66.009   	
5363932   	2111.550  	2870.944  	-66.009   	
5363938   	2111.550  	2870.944  	-66.009   	
5363947   	2111.549  	2870.945  	-66.008   	
5363962   	2111.548  	2870.945  	-66.008   	
5363971   	2111.548  	2870.945  	-66.008   	
5363980   	2111.548  	2870.945  	-66.008   	
5363992   	2111.549  	2870.944  	-66.008   	
5364001   	2111.549  	2870.945  	-66.007   	
5364010   	2111.549  	2870.945  	-66.007   	
5364022   	2111.550  	2870.944  	-66.008   	
5364031   	2111.549  	2870.945  	-66.008   	
5364040   	2111.549  	2870.945  	-66.009   	
5364049   	2111.549  	2870.945  	-66.009   	
5364061   	2111.548  	2870.945  	-66.008   	
5364073   	2111.548  	2870.945  	-66.008   	
5364082   	2111.548  	2870.945  	-66.008   	
5364091   	2111.548  	2870.945  	-66.008   	
5364100   	2111.548  	2870.945  	-66.008   	
5364112   	2111.548  	2870.945  	-66.008   	
5364121   	2111.549  	2870.945  	-66.008   	
5364130   	2111.549  	2870.945  	-66.008   	
5364139   	2111.549  	2870.945  	-66.008   	
5364151   	2111.548  	2870.946  	-66.007   	
5364163   	2111.548  	2870.946  	-66.007   	
5364172   	2111.548  	2870.946  	-66.007   	


Session #5

Time Stamp 	X-axis 		Y-axis 		Z-axis 		
5369269   	2120.401  	2823.999  	-115.801  	
5369305   	2120.400  	2823.999  	-115.801  	
5369308   	2120.400  	2823.999  	-115.801  	
5369320   	2120.399  	2824.000  	-115.802  	
5369329   	2120.399  	2824.000  	-115.802  	
5369341   	2120.399  	2824.000  	-115.802  	
5369350   	2120.398  	2824.000  	-115.803  	
5369359   	2120.398  	2824.000  	-115.804  	
5369368   	2120.397  	2824.000  	-115.804  	
5369380   	2120.397  	2824.000  	-115.805  	
5369389   	2120.397  	2824.000  	-115.804  	
5369398   	2120.396  	2824.001  	-115.805  	
5369410   	2120.396  	2824.001  	-115.805  	
5369419   	2120.396  	2824.001  	-115.806  	
5369428   	2120.396  	2824.001  	-115.806  	
5369437   	2120.396  	2824.001  	-115.806  	
5369449   	2120.396  	2824.001  	-115.808  	
5369458   	2120.395  	2824.001  	-115.808  	
5369467   	2120.394  	2824.002  	-115.807  	
5369479   	2120.395  	2824.001  	-115.808  	
5369491   	2120.394  	2824.002  	-115.808  	
5369500   	2120.394  	2824.002  	-115.809  	
5369509   	2120.394  	2824.001  	-115.809  	
5369518   	2120.394  	2824.001  	-115.809  	
5369530   	2120.394  	2824.001  	-115.809  	
5369539   	2120.393  	2824.002  	-115.809  	
5369548   	2120.393  	2824.002  	-115.810  	
5369557   	2120.393  	2824.002  	-115.809  	
5369569   	2120.392  	2824.003  	-115.810  	
5369578   	2120.392  	2824.003  	-115.810  	
5369590   	2120.392  	2824.002  	-115.810  	
5369599   	2120.391  	2824.004  	-115.811  	
5369608   	2120.391  	2824.004  	-115.811  	
5369617   	2120.391  	2824.003  	-115.811  	
5369629   	2120.391  	2824.003  	-115.811  	
5369638   	2120.391  	2824.003  	-115.811  	
5369647   	2120.392  	2824.002  	-115.811  	
5369659   	2120.391  	2824.003  	-115.812  	
5369668   	2120.391  	2824.003  	-115.812  	
5369680   	2120.391  	2824.003  	-115.811  	
5369686   	2120.390  	2824.004  	-115.811  	
5369698   	2120.391  	2824.003  	-115.810  	
5369707   	2120.390  	2824.004  	-115.811  	
5369719   	2120.389  	2824.005  	-115.810  	
5369728   	2120.387  	2824.006  	-115.810  	
5369740   	2120.386  	2824.006  	-115.811  	
5369749   	2120.385  	2824.007  	-115.810  	
5369758   	2120.385  	2824.007  	-115.809  	
5369770   	2120.384  	2824.008  	-115.810  	
5369779   	2120.383  	2824.009  	-115.807  	
5369788   	2120.382  	2824.010  	-115.808  	
5369797   	2120.381  	2824.010  	-115.807  	
5369809   	2120.379  	2824.012  	-115.807  	
5369821   	2120.379  	2824.013  	-115.806  	
5369830   	2120.377  	2824.014  	-115.806  	
5369839   	2120.377  	2824.014  	-115.805  	
5369848   	2120.375  	2824.015  	-115.804  	
5369860   	2120.372  	2824.017  	-115.804  	
5369869   	2120.371  	2824.017  	-115.804  	
5369878   	2120.370  	2824.017  	-115.802  	
5369887   	2120.370  	2824.018  	-115.802  	
5369899   	2120.369  	2824.018  	-115.803  	
5369908   	2120.369  	2824.019  	-115.802  	
5369920   	2120.368  	2824.020  	-115.802  	
5369929   	2120.368  	2824.021  	-115.800  	
5369938   	2120.369  	2824.021  	-115.801  	
5369950   	2120.369  	2824.021  	-115.801  	
5369959   	2120.369  	2824.021  	-115.801  	
5369968   	2120.369  	2824.021  	-115.801  	
5369977   	2120.367  	2824.023  	-115.800  	
5369989   	2120.367  	2824.022  	-115.800  	
5369998   	2120.366  	2824.022  	-115.800  	
5370010   	2120.366  	2824.022  	-115.800  	
5370019   	2120.364  	2824.023  	-115.799  	
5370028   	2120.365  	2824.022  	-115.800  	
5370037   	2120.365  	2824.023  	-115.801  	
5370049   	2120.365  	2824.022  	-115.801  	
5370058   	2120.367  	2824.022  	-115.802  	
5370070   	2120.368  	2824.021  	-115.802  	
5370079   	2120.369  	2824.021  	-115.802  	
5370088   	2120.370  	2824.021  	-115.801  	
5370100   	2120.371  	2824.020  	-115.801  	
5370109   	2120.370  	2824.020  	-115.803  	
5370118   	2120.370  	2824.020  	-115.802  	
5370127   	2120.370  	2824.019  	-115.802  	
5370139   	2120.369  	2824.019  	-115.802  	
5370148   	2120.371  	2824.018  	-115.802  	
5370160   	2120.368  	2824.020  	-115.803  	
5370169   	2120.371  	2824.018  	-115.803  	
5370178   	2120.370  	2824.019  	-115.802  	
5370190   	2120.372  	2824.019  	-115.803  	
5370199   	2120.372  	2824.019  	-115.804  	
5370208   	2120.374  	2824.018  	-115.804  	
5370217   	2120.374  	2824.018  	-115.803  	
5370229   	2120.375  	2824.017  	-115.803  	
5370238   	2120.375  	2824.017  	-115.803  	
5370250   	2120.374  	2824.017  	-115.803  	
5370259   	2120.374  	2824.017  	-115.804  	
5370268   	2120.374  	2824.016  	-115.805  	
5370280   	2120.374  	2824.016  	-115.804  	


Session #6

Time Stamp 	X-axis 		Y-axis 		Z-axis 		
5376223   	2126.428  	2873.857  	-87.998   	
5376238   	2126.426  	2873.859  	-87.993   	
5376247   	2126.425  	2873.860  	-87.989   	
5376256   	2126.424  	2873.860  	-87.989   	
5376265   	2126.424  	2873.861  	-87.987   	
5376277   	2126.423  	2873.862  	-87.986   	
5376286   	2126.423  	2873.862  	-87.987   	
5376295   	2126.423  	2873.862  	-87.986   	
5376304   	2126.422  	2873.863  	-87.987   	
5376316   	2126.422  	2873.862  	-87.986   	
5376328   	2126.422  	2873.862  	-87.986   	
5376337   	2126.422  	2873.862  	-87.986   	
5376346   	2126.421  	2873.862  	-87.986   	
5376355   	2126.421  	2873.862  	-87.985   	
5376367   	2126.418  	2873.864  	-87.983   	
5376376   	2126.418  	2873.865  	-87.982   	
5376385   	2126.417  	2873.866  	-87.979   	
5376394   	2126.417  	2873.866  	-87.978   	
5376406   	2126.414  	2873.868  	-87.975   	
5376415   	2126.411  	2873.871  	-87.973   	
5376427   	2126.410  	2873.872  	-87.970   	
5376433   	2126.407  	2873.873  	-87.969   	
5376445   	2126.407  	2873.874  	-87.968   	
5376454   	2126.405  	2873.875  	-87.967   	
5376466   	2126.404  	2873.875  	-87.967   	
5376475   	2126.404  	2873.875  	-87.968   	
5376487   	2126.403  	2873.875  	-87.967   	
5376496   	2126.404  	2873.875  	-87.969   	
5376505   	2126.404  	2873.875  	-87.968   	
5376517   	2126.405  	2873.875  	-87.970   	
5376526   	2126.406  	2873.874  	-87.971   	
5376535   	2126.406  	2873.874  	-87.973   	
5376544   	2126.408  	2873.873  	-87.975   	
5376556   	2126.409  	2873.872  	-87.976   	
5376568   	2126.411  	2873.870  	-87.980   	
5376577   	2126.412  	2873.869  	-87.980   	
5376586   	2126.413  	2873.869  	-87.981   	
5376595   	2126.414  	2873.868  	-87.982   	
5376607   	2126.415  	2873.867  	-87.983   	
5376616   	2126.416  	2873.866  	-87.983   	
5376622   	2126.417  	2873.865  	-87.984   	
5376634   	2126.417  	2873.865  	-87.984   	
5376646   	2126.417  	2873.865  	-87.985   	
5376658   	2126.418  	2873.865  	-87.986   	
5376667   	2126.419  	2873.865  	-87.986   	
5376676   	2126.418  	2873.865  	-87.986   	
5376685   	2126.419  	2873.864  	-87.986   	
5376694   	2126.419  	2873.864  	-87.986   	
5376706   	2126.419  	2873.864  	-87.986   	
5376715   	2126.419  	2873.864  	-87.985   	
5376724   	2126.419  	2873.865  	-87.985   	
5376736   	2126.417  	2873.865  	-87.984   	
5376745   	2126.417  	2873.866  	-87.983   	
5376757   	2126.416  	2873.866  	-87.984   	
5376766   	2126.416  	2873.867  	-87.983   	
5376775   	2126.416  	2873.867  	-87.982   	
5376784   	2126.415  	2873.867  	-87.982   	
5376796   	2126.414  	2873.868  	-87.981   	
5376805   	2126.414  	2873.868  	-87.980   	
5376817   	2126.412  	2873.870  	-87.979   	
5376826   	2126.411  	2873.870  	-87.979   	
5376835   	2126.411  	2873.870  	-87.979   	
5376847   	2126.411  	2873.870  	-87.978   	
5376856   	2126.411  	2873.870  	-87.979   	
5376865   	2126.410  	2873.871  	-87.979   	
5376874   	2126.410  	2873.870  	-87.979   	
5376886   	2126.410  	2873.870  	-87.980   	
5376895   	2126.411  	2873.869  	-87.981   	
5376907   	2126.411  	2873.869  	-87.982   	
5376916   	2126.411  	2873.869  	-87.983   	
5376925   	2126.412  	2873.868  	-87.983   	
5376934   	2126.412  	2873.868  	-87.983   	
5376946   	2126.412  	2873.868  	-87.984   	
5376955   	2126.413  	2873.868  	-87.985   	
5376964   	2126.413  	2873.867  	-87.986   	
5376976   	2126.414  	2873.867  	-87.986   	
5376988   	2126.414  	2873.867  	-87.986   	
5376997   	2126.415  	2873.866  	-87.987   	
5377006   	2126.415  	2873.865  	-87.988   	
5377015   	2126.416  	2873.865  	-87.989   	
5377027   	2126.417  	2873.864  	-87.989   	
5377036   	2126.417  	2873.864  	-87.990   	
5377045   	2126.417  	2873.864  	-87.989   	
5377054   	2126.418  	2873.864  	-87.990   	
5377066   	2126.418  	2873.864  	-87.989   	
5377075   	2126.418  	2873.863  	-87.989   	
5377087   	2126.419  	2873.863  	-87.989   	
5377096   	2126.418  	2873.864  	-87.988   	
5377105   	2126.418  	2873.863  	-87.988   	
5377117   	2126.419  	2873.863  	-87.987   	
5377126   	2126.420  	2873.863  	-87.987   	
5377135   	2126.419  	2873.863  	-87.987   	
5377144   	2126.420  	2873.863  	-87.986   	
5377156   	2126.420  	2873.862  	-87.986   	
5377165   	2126.420  	2873.862  	-87.986   	
5377177   	2126.421  	2873.862  	-87.987   	
5377183   	2126.421  	2873.862  	-87.986   	
5377195   	2126.421  	2873.862  	-87.986   	
5377204   	2126.421  	2873.862  	-87.987   	
5377216   	2126.421  	2873.862  	-87.987   	


Session #7

Time Stamp 	X-axis 		Y-axis 		Z-axis 		
5382223   	2146.325  	2893.824  	-81.610   	
5382235   	2146.323  	2893.824  	-81.610   	
5382244   	2146.324  	2893.823  	-81.610   	
5382256   	2146.322  	2893.824  	-81.609   	
5382265   	2146.323  	2893.824  	-81.609   	
5382274   	2146.323  	2893.824  	-81.610   	
5382283   	2146.323  	2893.825  	-81.610   	
5382295   	2146.323  	2893.825  	-81.609   	
5382304   	2146.323  	2893.825  	-81.609   	
5382316   	2146.323  	2893.825  	-81.609   	
5382325   	2146.323  	2893.825  	-81.609   	
5382334   	2146.323  	2893.824  	-81.608   	
5382346   	2146.323  	2893.824  	-81.609   	
5382355   	2146.324  	2893.823  	-81.608   	
5382364   	2146.323  	2893.823  	-81.609   	
5382373   	2146.324  	2893.823  	-81.609   	
5382382   	2146.323  	2893.823  	-81.609   	
5382394   	2146.324  	2893.823  	-81.609   	
5382406   	2146.323  	2893.824  	-81.609   	
5382415   	2146.324  	2893.823  	-81.609   	
5382424   	2146.323  	2893.824  	-81.610   	
5382433   	2146.322  	2893.824  	-81.610   	
5382445   	2146.322  	2893.825  	-81.609   	
5382454   	2146.321  	2893.825  	-81.609   	
5382463   	2146.322  	2893.825  	-81.609   	
5382472   	2146.321  	2893.825  	-81.609   	
5382484   	2146.322  	2893.824  	-81.609   	
5382496   	2146.322  	2893.824  	-81.610   	
5382505   	2146.324  	2893.823  	-81.610   	
5382514   	2146.323  	2893.823  	-81.610   	
5382523   	2146.325  	2893.823  	-81.610   	
5382535   	2146.327  	2893.821  	-81.610   	
5382544   	2146.327  	2893.821  	-81.610   	
5382553   	2146.327  	2893.821  	-81.610   	
5382565   	2146.328  	2893.821  	-81.610   	
5382574   	2146.327  	2893.821  	-81.610   	
5382586   	2146.327  	2893.821  	-81.610   	
5382595   	2146.327  	2893.821  	-81.610   	
5382604   	2146.327  	2893.821  	-81.611   	
5382613   	2146.328  	2893.821  	-81.611   	
5382625   	2146.327  	2893.821  	-81.611   	
5382634   	2146.328  	2893.820  	-81.612   	
5382643   	2146.329  	2893.820  	-81.612   	
5382655   	2146.330  	2893.819  	-81.612   	
5382664   	2146.330  	2893.819  	-81.612   	
5382676   	2146.329  	2893.819  	-81.613   	
5382682   	2146.330  	2893.819  	-81.613   	
5382694   	2146.330  	2893.819  	-81.612   	
5382703   	2146.330  	2893.819  	-81.612   	
5382715   	2146.329  	2893.820  	-81.611   	
5382724   	2146.329  	2893.820  	-81.612   	
5382736   	2146.328  	2893.821  	-81.612   	
5382745   	2146.328  	2893.820  	-81.611   	
5382754   	2146.327  	2893.821  	-81.612   	
5382763   	2146.326  	2893.822  	-81.611   	
5382775   	2146.325  	2893.822  	-81.611   	
5382784   	2146.326  	2893.821  	-81.612   	
5382793   	2146.325  	2893.822  	-81.611   	
5382805   	2146.325  	2893.822  	-81.611   	
5382814   	2146.326  	2893.822  	-81.611   	
5382826   	2146.326  	2893.822  	-81.611   	
5382835   	2146.326  	2893.821  	-81.611   	
5382844   	2146.327  	2893.821  	-81.610   	
5382853   	2146.326  	2893.822  	-81.609   	
5382865   	2146.325  	2893.823  	-81.610   	
5382874   	2146.325  	2893.823  	-81.609   	
5382883   	2146.323  	2893.823  	-81.609   	
5382895   	2146.323  	2893.824  	-81.609   	
5382904   	2146.323  	2893.823  	-81.609   	
5382916   	2146.324  	2893.823  	-81.608   	
5382925   	2146.323  	2893.823  	-81.609   	
5382934   	2146.322  	2893.824  	-81.609   	
5382943   	2146.323  	2893.823  	-81.609   	
5382955   	2146.323  	2893.823  	-81.608   	
5382964   	2146.324  	2893.823  	-81.608   	
5382973   	2146.323  	2893.823  	-81.608   	
5382985   	2146.323  	2893.823  	-81.608   	
5382994   	2146.322  	2893.824  	-81.608   	
5383006   	2146.322  	2893.824  	-81.608   	
5383015   	2146.321  	2893.825  	-81.608   	
5383024   	2146.322  	2893.824  	-81.609   	
5383033   	2146.322  	2893.824  	-81.609   	
5383045   	2146.322  	2893.824  	-81.608   	
5383054   	2146.322  	2893.825  	-81.608   	
5383066   	2146.323  	2893.824  	-81.607   	
5383075   	2146.322  	2893.824  	-81.607   	
5383126   	2146.322  	2893.824  	-81.607   	
5383135   	2146.322  	2893.824  	-81.608   	
5383144   	2146.322  	2893.824  	-81.607   	
5383156   	2146.322  	2893.824  	-81.607   	
5383165   	2146.323  	2893.824  	-81.607   	
5383174   	2146.322  	2893.824  	-81.607   	
5383186   	2146.322  	2893.824  	-81.608   	
5383195   	2146.321  	2893.825  	-81.608   	
5383204   	2146.321  	2893.824  	-81.609   	
5383213   	2146.321  	2893.824  	-81.609   	
5383225   	2146.321  	2893.824  	-81.609   	
5383234   	2146.321  	2893.824  	-81.609   	
5383246   	2146.322  	2893.823  	-81.609   	
5383255   	2146.322  	2893.824  	-81.609   	


Session #8

Time Stamp 	X-axis 		Y-axis 		Z-axis 		
5389306   	2102.244  	2821.745  	-116.609  	
5389315   	2102.244  	2821.746  	-116.610  	
5389324   	2102.245  	2821.746  	-116.608  	
5389333   	2102.246  	2821.745  	-116.608  	
5389342   	2102.245  	2821.745  	-116.607  	
5389354   	2102.247  	2821.744  	-116.606  	
5389363   	2102.245  	2821.745  	-116.606  	
5389372   	2102.245  	2821.745  	-116.605  	
5389381   	2102.246  	2821.744  	-116.605  	
5389393   	2102.245  	2821.745  	-116.604  	
5389402   	2102.246  	2821.743  	-116.605  	
5389414   	2102.245  	2821.744  	-116.605  	
5389423   	2102.246  	2821.744  	-116.605  	
5389432   	2102.247  	2821.743  	-116.605  	
5389441   	2102.247  	2821.744  	-116.604  	
5389453   	2102.248  	2821.744  	-116.605  	
5389462   	2102.249  	2821.743  	-116.603  	
5389471   	2102.249  	2821.743  	-116.603  	
5389483   	2102.249  	2821.743  	-116.602  	
5389492   	2102.248  	2821.744  	-116.601  	
5389504   	2102.248  	2821.743  	-116.601  	
5389513   	2102.248  	2821.744  	-116.601  	
5389522   	2102.248  	2821.743  	-116.600  	
5389531   	2102.248  	2821.743  	-116.600  	
5389543   	2102.248  	2821.743  	-116.599  	
5389552   	2102.248  	2821.743  	-116.598  	
5389564   	2102.248  	2821.744  	-116.599  	
5389573   	2102.248  	2821.744  	-116.599  	
5389582   	2102.249  	2821.744  	-116.599  	
5389594   	2102.249  	2821.745  	-116.599  	
5389603   	2102.250  	2821.745  	-116.598  	
5389612   	2102.250  	2821.745  	-116.598  	
5389621   	2102.250  	2821.745  	-116.598  	
5389633   	2102.250  	2821.744  	-116.596  	
5389642   	2102.250  	2821.744  	-116.596  	
5389654   	2102.250  	2821.743  	-116.596  	
5389663   	2102.248  	2821.744  	-116.596  	
5389672   	2102.250  	2821.743  	-116.596  	
5389684   	2102.248  	2821.744  	-116.595  	
5389693   	2102.248  	2821.744  	-116.594  	
5389702   	2102.247  	2821.745  	-116.594  	
5389711   	2102.247  	2821.745  	-116.594  	
5389723   	2102.247  	2821.746  	-116.595  	
5389732   	2102.247  	2821.746  	-116.595  	
5389744   	2102.248  	2821.745  	-116.594  	
5389753   	2102.248  	2821.745  	-116.594  	
5389762   	2102.249  	2821.745  	-116.593  	
5389771   	2102.249  	2821.745  	-116.593  	
5389783   	2102.248  	2821.745  	-116.592  	
5389792   	2102.248  	2821.745  	-116.593  	
5389801   	2102.248  	2821.745  	-116.593  	
5389813   	2102.248  	2821.745  	-116.593  	
5389822   	2102.248  	2821.745  	-116.593  	
5389834   	2102.248  	2821.745  	-116.593  	
5389843   	2102.247  	2821.746  	-116.592  	
5389852   	2102.248  	2821.745  	-116.593  	
5389861   	2102.248  	2821.745  	-116.593  	
5389873   	2102.248  	2821.745  	-116.594  	
5389882   	2102.248  	2821.745  	-116.593  	
5389891   	2102.247  	2821.746  	-116.593  	
5389903   	2102.248  	2821.746  	-116.593  	
5389912   	2102.247  	2821.746  	-116.593  	
5389924   	2102.248  	2821.746  	-116.593  	
5389930   	2102.248  	2821.745  	-116.594  	
5389942   	2102.249  	2821.745  	-116.595  	
5389951   	2102.249  	2821.745  	-116.595  	
5389963   	2102.249  	2821.744  	-116.595  	
5389972   	2102.250  	2821.744  	-116.595  	
5389984   	2102.250  	2821.743  	-116.595  	
5389993   	2102.250  	2821.743  	-116.595  	
5390002   	2102.249  	2821.743  	-116.595  	
5390014   	2102.248  	2821.744  	-116.596  	
5390023   	2102.248  	2821.744  	-116.597  	
5390032   	2102.248  	2821.744  	-116.596  	
5390041   	2102.249  	2821.743  	-116.597  	
5390053   	2102.249  	2821.744  	-116.597  	
5390062   	2102.250  	2821.743  	-116.598  	
5390074   	2102.250  	2821.743  	-116.599  	
5390083   	2102.251  	2821.743  	-116.598  	
5390092   	2102.252  	2821.742  	-116.599  	
5390104   	2102.251  	2821.743  	-116.599  	
5390113   	2102.252  	2821.742  	-116.599  	
5390119   	2102.251  	2821.742  	-116.599  	
5390131   	2102.250  	2821.743  	-116.600  	
5390143   	2102.251  	2821.742  	-116.600  	
5390152   	2102.251  	2821.742  	-116.600  	
5390164   	2102.252  	2821.742  	-116.601  	
5390173   	2102.252  	2821.741  	-116.601  	
5390182   	2102.251  	2821.742  	-116.601  	
5390191   	2102.253  	2821.741  	-116.602  	
5390203   	2102.253  	2821.741  	-116.602  	
5390212   	2102.254  	2821.740  	-116.601  	
5390221   	2102.254  	2821.740  	-116.602  	
5390233   	2102.254  	2821.740  	-116.602  	
5390242   	2102.254  	2821.740  	-116.602  	
5390254   	2102.254  	2821.740  	-116.602  	
5390263   	2102.254  	2821.740  	-116.603  	
5390272   	2102.256  	2821.740  	-116.603  	
5390281   	2102.256  	2821.740  	-116.603  	
5390293   	2102.257  	2821.740  	-116.603  	


Session #9

Time Stamp 	X-axis 		Y-axis 		Z-axis 		
5398894   	2115.122  	2871.012  	-140.304  	
5398900   	2115.122  	2871.012  	-140.304  	
5398912   	2115.122  	2871.012  	-140.304  	
5398921   	2115.121  	2871.012  	-140.304  	
5398930   	2115.121  	2871.012  	-140.305  	
5398939   	2115.122  	2871.012  	-140.305  	
5398951   	2115.120  	2871.013  	-140.304  	
5398960   	2115.121  	2871.012  	-140.305  	
5398969   	2115.121  	2871.013  	-140.304  	
5398981   	2115.121  	2871.012  	-140.304  	
5398990   	2115.120  	2871.013  	-140.304  	
5399002   	2115.120  	2871.013  	-140.304  	
5399011   	2115.121  	2871.013  	-140.304  	
5399020   	2115.120  	2871.013  	-140.304  	
5399029   	2115.121  	2871.013  	-140.303  	
5399041   	2115.120  	2871.014  	-140.304  	
5399050   	2115.120  	2871.014  	-140.305  	
5399062   	2115.120  	2871.013  	-140.304  	
5399071   	2115.120  	2871.013  	-140.304  	
5399080   	2115.120  	2871.013  	-140.304  	
5399092   	2115.120  	2871.014  	-140.303  	
5399101   	2115.120  	2871.014  	-140.303  	
5399110   	2115.120  	2871.014  	-140.303  	
5399119   	2115.121  	2871.014  	-140.303  	
5399131   	2115.120  	2871.014  	-140.303  	
5399140   	2115.120  	2871.014  	-140.303  	
5399152   	2115.120  	2871.014  	-140.303  	
5399161   	2115.120  	2871.014  	-140.304  	
5399170   	2115.120  	2871.013  	-140.304  	
5399179   	2115.120  	2871.014  	-140.304  	
5399191   	2115.120  	2871.013  	-140.304  	
5399200   	2115.120  	2871.013  	-140.303  	
5399209   	2115.120  	2871.013  	-140.304  	
5399221   	2115.120  	2871.013  	-140.303  	
5399230   	2115.121  	2871.013  	-140.304  	
5399242   	2115.120  	2871.013  	-140.304  	
5399251   	2115.121  	2871.013  	-140.304  	
5399260   	2115.121  	2871.013  	-140.303  	
5399269   	2115.121  	2871.013  	-140.303  	
5399281   	2115.121  	2871.013  	-140.303  	
5399290   	2115.121  	2871.013  	-140.303  	
5399299   	2115.121  	2871.013  	-140.303  	
5399311   	2115.120  	2871.013  	-140.303  	
5399320   	2115.120  	2871.013  	-140.303  	
5399332   	2115.120  	2871.012  	-140.303  	
5399341   	2115.120  	2871.013  	-140.303  	
5399350   	2115.120  	2871.013  	-140.303  	
5399359   	2115.120  	2871.013  	-140.303  	
5399371   	2115.120  	2871.013  	-140.303  	
5399380   	2115.121  	2871.012  	-140.303  	
5399389   	2115.121  	2871.013  	-140.303  	
5399401   	2115.122  	2871.012  	-140.303  	
5399410   	2115.121  	2871.013  	-140.302  	
5399422   	2115.121  	2871.013  	-140.303  	
5399428   	2115.120  	2871.013  	-140.302  	
5399440   	2115.120  	2871.013  	-140.302  	
5399449   	2115.120  	2871.013  	-140.302  	
5399461   	2115.120  	2871.013  	-140.302  	
5399470   	2115.120  	2871.013  	-140.303  	
5399482   	2115.120  	2871.013  	-140.302  	
5399491   	2115.120  	2871.013  	-140.302  	
5399500   	2115.120  	2871.012  	-140.303  	
5399512   	2115.120  	2871.012  	-140.303  	
5399521   	2115.122  	2871.011  	-140.303  	
5399530   	2115.121  	2871.012  	-140.303  	
5399539   	2115.121  	2871.012  	-140.303  	
5399551   	2115.121  	2871.012  	-140.303  	
5399560   	2115.121  	2871.012  	-140.303  	
5399572   	2115.122  	2871.012  	-140.303  	
5399581   	2115.121  	2871.012  	-140.303  	
5399590   	2115.122  	2871.012  	-140.303  	
5399599   	2115.121  	2871.012  	-140.303  	
5399611   	2115.121  	2871.012  	-140.303  	
5399617   	2115.120  	2871.012  	-140.303  	
5399629   	2115.121  	2871.012  	-140.303  	
5399641   	2115.121  	2871.012  	-140.304  	
5399650   	2115.121  	2871.012  	-140.303  	
5399662   	2115.122  	2871.011  	-140.303  	
5399671   	2115.123  	2871.011  	-140.303  	
5399680   	2115.123  	2871.011  	-140.303  	
5399689   	2115.123  	2871.011  	-140.303  	
5399701   	2115.123  	2871.011  	-140.303  	
5399710   	2115.123  	2871.011  	-140.303  	
5399719   	2115.122  	2871.012  	-140.303  	
5399731   	2115.123  	2871.011  	-140.303  	
5399740   	2115.122  	2871.012  	-140.303  	
5399752   	2115.123  	2871.011  	-140.303  	
5399761   	2115.122  	2871.011  	-140.304  	
5399770   	2115.122  	2871.011  	-140.303  	
5399779   	2115.123  	2871.010  	-140.303  	
5399791   	2115.121  	2871.012  	-140.303  	
5399800   	2115.122  	2871.011  	-140.303  	
5399812   	2115.123  	2871.011  	-140.303  	
5399821   	2115.123  	2871.011  	-140.303  	
5399830   	2115.123  	2871.011  	-140.304  	
5399842   	2115.122  	2871.012  	-140.303  	
5399851   	2115.123  	2871.011  	-140.303  	
5399860   	2115.123  	2871.011  	-140.303  	
5399869   	2115.123  	2871.011  	-140.304  	
5399881   	2115.123  	2871.011  	-140.304  	


Session #10

Time Stamp 	X-axis 		Y-axis 		Z-axis 		
5408617   	2077.524  	2867.468  	-111.938  	
5408644   	2077.524  	2867.468  	-111.938  	
5408647   	2077.523  	2867.469  	-111.937  	
5408659   	2077.524  	2867.468  	-111.937  	
5408668   	2077.525  	2867.468  	-111.937  	
5408674   	2077.525  	2867.468  	-111.938  	
5408686   	2077.525  	2867.468  	-111.938  	
5408698   	2077.525  	2867.468  	-111.938  	
5408707   	2077.525  	2867.468  	-111.937  	
5408716   	2077.524  	2867.469  	-111.937  	
5408728   	2077.524  	2867.469  	-111.936  	
5408737   	2077.525  	2867.469  	-111.936  	
5408749   	2077.525  	2867.468  	-111.935  	
5408758   	2077.525  	2867.468  	-111.935  	
5408767   	2077.524  	2867.468  	-111.935  	
5408776   	2077.524  	2867.468  	-111.935  	
5408788   	2077.525  	2867.468  	-111.935  	
5408797   	2077.525  	2867.468  	-111.935  	
5408809   	2077.525  	2867.468  	-111.934  	
5408818   	2077.525  	2867.468  	-111.934  	
5408827   	2077.526  	2867.468  	-111.934  	
5408839   	2077.526  	2867.468  	-111.934  	
5408848   	2077.525  	2867.469  	-111.934  	
5408857   	2077.525  	2867.469  	-111.933  	
5408866   	2077.525  	2867.469  	-111.933  	
5408878   	2077.525  	2867.469  	-111.933  	
5408887   	2077.525  	2867.468  	-111.933  	
5408899   	2077.525  	2867.468  	-111.934  	
5408908   	2077.525  	2867.467  	-111.932  	
5408917   	2077.525  	2867.467  	-111.933  	
5408929   	2077.525  	2867.467  	-111.932  	
5408938   	2077.525  	2867.467  	-111.932  	
5408947   	2077.525  	2867.467  	-111.932  	
5408956   	2077.525  	2867.467  	-111.932  	
5408968   	2077.526  	2867.466  	-111.933  	
5408977   	2077.526  	2867.467  	-111.933  	
5408989   	2077.526  	2867.467  	-111.933  	
5408998   	2077.526  	2867.467  	-111.933  	
5409007   	2077.526  	2867.467  	-111.933  	
5409016   	2077.526  	2867.467  	-111.933  	
5409028   	2077.525  	2867.468  	-111.934  	
5409037   	2077.524  	2867.468  	-111.934  	
5409046   	2077.525  	2867.467  	-111.934  	
5409058   	2077.524  	2867.468  	-111.934  	
5409067   	2077.524  	2867.468  	-111.934  	
5409079   	2077.524  	2867.468  	-111.936  	
5409088   	2077.525  	2867.467  	-111.935  	
5409097   	2077.525  	2867.467  	-111.936  	
5409106   	2077.524  	2867.468  	-111.936  	
5409115   	2077.525  	2867.468  	-111.937  	
5409127   	2077.525  	2867.468  	-111.936  	
5409136   	2077.525  	2867.468  	-111.936  	
5409148   	2077.525  	2867.468  	-111.937  	
5409157   	2077.525  	2867.469  	-111.936  	
5409169   	2077.525  	2867.468  	-111.936  	
5409178   	2077.525  	2867.468  	-111.937  	
5409187   	2077.525  	2867.468  	-111.937  	
5409196   	2077.525  	2867.468  	-111.937  	
5409208   	2077.524  	2867.468  	-111.937  	
5409217   	2077.525  	2867.467  	-111.938  	
5409229   	2077.524  	2867.467  	-111.938  	
5409238   	2077.524  	2867.468  	-111.939  	
5409247   	2077.523  	2867.469  	-111.938  	
5409259   	2077.522  	2867.469  	-111.939  	
5409268   	2077.523  	2867.469  	-111.939  	
5409277   	2077.523  	2867.469  	-111.939  	
5409286   	2077.522  	2867.470  	-111.939  	
5409298   	2077.522  	2867.470  	-111.939  	
5409307   	2077.522  	2867.470  	-111.939  	
5409319   	2077.522  	2867.470  	-111.939  	
5409328   	2077.521  	2867.470  	-111.938  	
5409337   	2077.522  	2867.469  	-111.937  	
5409346   	2077.521  	2867.469  	-111.937  	
5409358   	2077.521  	2867.469  	-111.936  	
5409367   	2077.521  	2867.469  	-111.936  	
5409376   	2077.522  	2867.469  	-111.935  	
5409385   	2077.522  	2867.469  	-111.935  	
5409397   	2077.523  	2867.469  	-111.934  	
5409409   	2077.524  	2867.469  	-111.934  	
5409418   	2077.524  	2867.469  	-111.934  	
5409427   	2077.525  	2867.469  	-111.933  	
5409436   	2077.525  	2867.469  	-111.932  	
5409448   	2077.524  	2867.469  	-111.931  	
5409457   	2077.525  	2867.468  	-111.931  	
5409466   	2077.524  	2867.468  	-111.930  	
5409478   	2077.524  	2867.468  	-111.930  	
5409487   	2077.525  	2867.468  	-111.930  	
5409499   	2077.525  	2867.468  	-111.930  	
5409508   	2077.525  	2867.467  	-111.930  	
5409517   	2077.525  	2867.467  	-111.930  	
5409526   	2077.526  	2867.467  	-111.928  	
5409538   	2077.527  	2867.467  	-111.929  	
5409547   	2077.527  	2867.467  	-111.929  	
5409559   	2077.527  	2867.467  	-111.928  	
5409568   	2077.526  	2867.467  	-111.929  	
5409577   	2077.527  	2867.466  	-111.929  	
5409589   	2077.526  	2867.467  	-111.928  	
5409598   	2077.527  	2867.466  	-111.928  	
5409607   	2077.527  	2867.467  	-111.927  	
5409616   	2077.526  	2867.467  	-111.928  	


Session #11

Time Stamp 	X-axis 		Y-axis 		Z-axis 		
5414743   	2104.946  	2870.636  	-103.375  	
5414746   	2104.946  	2870.636  	-103.375  	
5414755   	2104.946  	2870.636  	-103.374  	
5414764   	2104.946  	2870.636  	-103.373  	
5414776   	2104.948  	2870.634  	-103.373  	
5414785   	2104.948  	2870.635  	-103.371  	
5414794   	2104.949  	2870.633  	-103.371  	
5414806   	2104.949  	2870.633  	-103.369  	
5414815   	2104.950  	2870.632  	-103.368  	
5414827   	2104.950  	2870.632  	-103.368  	
5414836   	2104.951  	2870.632  	-103.368  	
5414845   	2104.951  	2870.632  	-103.367  	
5414854   	2104.951  	2870.632  	-103.367  	
5414866   	2104.950  	2870.633  	-103.367  	
5414875   	2104.951  	2870.632  	-103.368  	
5414884   	2104.951  	2870.632  	-103.368  	
5414896   	2104.951  	2870.632  	-103.370  	
5414905   	2104.952  	2870.632  	-103.371  	
5414914   	2104.951  	2870.632  	-103.372  	
5414923   	2104.953  	2870.631  	-103.373  	
5414935   	2104.951  	2870.632  	-103.375  	
5414944   	2104.952  	2870.631  	-103.376  	
5414953   	2104.951  	2870.632  	-103.377  	
5414962   	2104.952  	2870.631  	-103.378  	
5414974   	2104.951  	2870.632  	-103.381  	
5414986   	2104.951  	2870.631  	-103.383  	
5414995   	2104.950  	2870.632  	-103.384  	
5415004   	2104.951  	2870.632  	-103.384  	
5415016   	2104.951  	2870.632  	-103.386  	
5415025   	2104.951  	2870.632  	-103.386  	
5415034   	2104.952  	2870.632  	-103.386  	
5415043   	2104.952  	2870.631  	-103.387  	
5415055   	2104.953  	2870.631  	-103.388  	
5415064   	2104.952  	2870.631  	-103.389  	
5415076   	2104.952  	2870.631  	-103.389  	
5415085   	2104.953  	2870.630  	-103.390  	
5415094   	2104.953  	2870.630  	-103.391  	
5415103   	2104.954  	2870.629  	-103.391  	
5415115   	2104.953  	2870.629  	-103.392  	
5415124   	2104.954  	2870.628  	-103.393  	
5415133   	2104.955  	2870.628  	-103.393  	
5415145   	2104.955  	2870.629  	-103.393  	
5415154   	2104.955  	2870.629  	-103.393  	
5415166   	2104.955  	2870.628  	-103.394  	
5415172   	2104.955  	2870.629  	-103.393  	
5415184   	2104.956  	2870.628  	-103.394  	
5415193   	2104.955  	2870.628  	-103.394  	
5415205   	2104.955  	2870.628  	-103.395  	
5415214   	2104.955  	2870.628  	-103.395  	
5415226   	2104.956  	2870.627  	-103.396  	
5415235   	2104.955  	2870.628  	-103.397  	
5415244   	2104.955  	2870.628  	-103.396  	
5415253   	2104.955  	2870.628  	-103.396  	
5415265   	2104.955  	2870.629  	-103.396  	
5415274   	2104.955  	2870.629  	-103.397  	
5415283   	2104.954  	2870.629  	-103.397  	
5415295   	2104.954  	2870.629  	-103.398  	
5415307   	2104.954  	2870.630  	-103.398  	
5415316   	2104.954  	2870.630  	-103.398  	
5415325   	2104.954  	2870.630  	-103.398  	
5415334   	2104.954  	2870.630  	-103.399  	
5415343   	2104.953  	2870.631  	-103.398  	
5415355   	2104.953  	2870.630  	-103.399  	
5415364   	2104.954  	2870.629  	-103.399  	
5415373   	2104.952  	2870.630  	-103.400  	
5415385   	2104.953  	2870.629  	-103.399  	
5415394   	2104.953  	2870.630  	-103.400  	
5415406   	2104.953  	2870.630  	-103.400  	
5415415   	2104.953  	2870.630  	-103.401  	
5415424   	2104.952  	2870.630  	-103.401  	
5415433   	2104.952  	2870.630  	-103.401  	
5415445   	2104.953  	2870.629  	-103.400  	
5415454   	2104.953  	2870.630  	-103.401  	
5415463   	2104.953  	2870.629  	-103.400  	
5415475   	2104.953  	2870.629  	-103.401  	
5415484   	2104.953  	2870.629  	-103.401  	
5415496   	2104.954  	2870.629  	-103.401  	
5415505   	2104.954  	2870.629  	-103.401  	
5415514   	2104.954  	2870.629  	-103.400  	
5415523   	2104.954  	2870.629  	-103.400  	
5415535   	2104.955  	2870.628  	-103.399  	
5415544   	2104.955  	2870.628  	-103.400  	
5415556   	2104.955  	2870.628  	-103.399  	
5415565   	2104.955  	2870.628  	-103.401  	
5415574   	2104.955  	2870.628  	-103.401  	
5415586   	2104.953  	2870.630  	-103.400  	
5415595   	2104.954  	2870.629  	-103.400  	
5415604   	2104.953  	2870.630  	-103.400  	
5415613   	2104.953  	2870.630  	-103.400  	
5415625   	2104.953  	2870.630  	-103.401  	
5415634   	2104.953  	2870.630  	-103.400  	
5415646   	2104.954  	2870.629  	-103.400  	
5415655   	2104.954  	2870.629  	-103.400  	
5415664   	2104.954  	2870.629  	-103.401  	
5415673   	2104.954  	2870.628  	-103.401  	
5415685   	2104.954  	2870.628  	-103.401  	
5415694   	2104.955  	2870.628  	-103.402  	
5415703   	2104.954  	2870.629  	-103.401  	
5415715   	2104.954  	2870.628  	-103.401  	
5415724   	2104.953  	2870.629  	-103.400  	


Session #12

Time Stamp 	X-axis 		Y-axis 		Z-axis 		
5421586   	2146.505  	2874.447  	-103.155  	
5421592   	2146.506  	2874.447  	-103.155  	
5421604   	2146.507  	2874.445  	-103.155  	
5421613   	2146.507  	2874.445  	-103.155  	
5421622   	2146.507  	2874.445  	-103.156  	
5421631   	2146.509  	2874.444  	-103.155  	
5421643   	2146.510  	2874.443  	-103.155  	
5421655   	2146.511  	2874.443  	-103.155  	
5421664   	2146.511  	2874.443  	-103.155  	
5421670   	2146.511  	2874.443  	-103.155  	
5421682   	2146.511  	2874.443  	-103.154  	
5421694   	2146.511  	2874.443  	-103.155  	
5421703   	2146.511  	2874.443  	-103.155  	
5421712   	2146.510  	2874.444  	-103.154  	
5421724   	2146.510  	2874.444  	-103.154  	
5421733   	2146.509  	2874.445  	-103.154  	
5421745   	2146.509  	2874.444  	-103.154  	
5421754   	2146.508  	2874.445  	-103.154  	
5421763   	2146.508  	2874.445  	-103.154  	
5421772   	2146.508  	2874.445  	-103.155  	
5421784   	2146.508  	2874.445  	-103.155  	
5421793   	2146.507  	2874.446  	-103.156  	
5421805   	2146.507  	2874.446  	-103.157  	
5421814   	2146.506  	2874.447  	-103.157  	
5421823   	2146.506  	2874.446  	-103.158  	
5421832   	2146.506  	2874.447  	-103.159  	
5421844   	2146.507  	2874.446  	-103.161  	
5421853   	2146.505  	2874.447  	-103.161  	
5421862   	2146.505  	2874.447  	-103.162  	
5421874   	2146.505  	2874.447  	-103.163  	
5421883   	2146.505  	2874.446  	-103.163  	
5421895   	2146.505  	2874.446  	-103.163  	
5421904   	2146.506  	2874.446  	-103.163  	
5421913   	2146.505  	2874.446  	-103.163  	
5421922   	2146.506  	2874.446  	-103.162  	
5421934   	2146.506  	2874.446  	-103.161  	
5421943   	2146.508  	2874.446  	-103.161  	
5421952   	2146.508  	2874.446  	-103.161  	
5421961   	2146.507  	2874.446  	-103.159  	
5421973   	2146.508  	2874.446  	-103.158  	
5421985   	2146.507  	2874.446  	-103.158  	
5421994   	2146.508  	2874.446  	-103.157  	
5422003   	2146.509  	2874.445  	-103.157  	
5422012   	2146.507  	2874.446  	-103.156  	
5422024   	2146.508  	2874.445  	-103.156  	
5422033   	2146.507  	2874.446  	-103.155  	
5422042   	2146.508  	2874.445  	-103.156  	
5422054   	2146.507  	2874.446  	-103.154  	
5422063   	2146.507  	2874.446  	-103.154  	
5422075   	2146.507  	2874.446  	-103.154  	
5422084   	2146.507  	2874.447  	-103.153  	
5422093   	2146.506  	2874.447  	-103.153  	
5422102   	2146.506  	2874.448  	-103.152  	
5422111   	2146.505  	2874.448  	-103.152  	
5422123   	2146.505  	2874.448  	-103.151  	
5422132   	2146.503  	2874.450  	-103.151  	
5422144   	2146.503  	2874.449  	-103.151  	
5422153   	2146.501  	2874.451  	-103.150  	
5422165   	2146.502  	2874.450  	-103.152  	
5422174   	2146.501  	2874.450  	-103.152  	
5422183   	2146.502  	2874.450  	-103.152  	
5422192   	2146.502  	2874.449  	-103.152  	
5422204   	2146.501  	2874.450  	-103.153  	
5422213   	2146.502  	2874.449  	-103.153  	
5422225   	2146.502  	2874.449  	-103.154  	
5422234   	2146.502  	2874.449  	-103.154  	
5422243   	2146.502  	2874.449  	-103.154  	
5422252   	2146.502  	2874.450  	-103.154  	
5422264   	2146.504  	2874.449  	-103.154  	
5422273   	2146.501  	2874.450  	-103.154  	
5422282   	2146.502  	2874.449  	-103.155  	
5422291   	2146.503  	2874.449  	-103.154  	
5422303   	2146.502  	2874.449  	-103.154  	
5422315   	2146.502  	2874.448  	-103.154  	
5422324   	2146.503  	2874.448  	-103.153  	
5422333   	2146.503  	2874.448  	-103.154  	
5422342   	2146.503  	2874.448  	-103.153  	
5422354   	2146.503  	2874.448  	-103.152  	
5422363   	2146.503  	2874.449  	-103.151  	
5422372   	2146.503  	2874.449  	-103.151  	
5422381   	2146.503  	2874.450  	-103.150  	
5422393   	2146.501  	2874.451  	-103.150  	
5422405   	2146.501  	2874.451  	-103.151  	
5422414   	2146.500  	2874.452  	-103.150  	
5422420   	2146.499  	2874.452  	-103.149  	
5422432   	2146.499  	2874.452  	-103.148  	
5422444   	2146.499  	2874.452  	-103.147  	
5422453   	2146.499  	2874.452  	-103.147  	
5422462   	2146.499  	2874.452  	-103.147  	
5422474   	2146.498  	2874.452  	-103.147  	
5422483   	2146.498  	2874.453  	-103.146  	
5422495   	2146.498  	2874.453  	-103.146  	
5422504   	2146.498  	2874.453  	-103.147  	
5422513   	2146.499  	2874.453  	-103.146  	
5422522   	2146.499  	2874.453  	-103.145  	
5422534   	2146.499  	2874.453  	-103.145  	
5422543   	2146.498  	2874.454  	-103.144  	
5422555   	2146.497  	2874.454  	-103.144  	
5422564   	2146.497  	2874.454  	-103.143  	
5422573   	2146.496  	2874.455  	-103.143  	


Session #13

Time Stamp 	X-axis 		Y-axis 		Z-axis 		
5427379   	2104.591  	2867.703  	-35.883   	
5427442   	2104.591  	2867.704  	-35.883   	
5427451   	2104.591  	2867.704  	-35.883   	
5427460   	2104.591  	2867.704  	-35.883   	
5427472   	2104.592  	2867.704  	-35.881   	
5427481   	2104.593  	2867.703  	-35.880   	
5427493   	2104.592  	2867.704  	-35.880   	
5427502   	2104.592  	2867.703  	-35.880   	
5427511   	2104.592  	2867.703  	-35.879   	
5427520   	2104.593  	2867.702  	-35.879   	
5427532   	2104.593  	2867.702  	-35.879   	
5427541   	2104.593  	2867.702  	-35.878   	
5427553   	2104.594  	2867.702  	-35.878   	
5427562   	2104.594  	2867.702  	-35.877   	
5427571   	2104.594  	2867.702  	-35.877   	
5427583   	2104.594  	2867.703  	-35.876   	
5427592   	2104.595  	2867.703  	-35.876   	
5427601   	2104.595  	2867.702  	-35.875   	
5427610   	2104.595  	2867.702  	-35.875   	
5427622   	2104.595  	2867.702  	-35.875   	
5427631   	2104.595  	2867.702  	-35.875   	
5427643   	2104.594  	2867.702  	-35.875   	
5427652   	2104.595  	2867.701  	-35.875   	
5427661   	2104.595  	2867.701  	-35.875   	
5427670   	2104.595  	2867.701  	-35.875   	
5427682   	2104.595  	2867.701  	-35.874   	
5427691   	2104.595  	2867.701  	-35.873   	
5427700   	2104.595  	2867.702  	-35.873   	
5427712   	2104.595  	2867.702  	-35.872   	
5427721   	2104.595  	2867.702  	-35.872   	
5427733   	2104.595  	2867.702  	-35.871   	
5427742   	2104.595  	2867.702  	-35.869   	
5427751   	2104.594  	2867.703  	-35.869   	
5427760   	2104.593  	2867.703  	-35.867   	
5427772   	2104.594  	2867.703  	-35.867   	
5427781   	2104.593  	2867.703  	-35.866   	
5427790   	2104.593  	2867.703  	-35.866   	
5427802   	2104.592  	2867.704  	-35.866   	
5427811   	2104.592  	2867.704  	-35.866   	
5427823   	2104.592  	2867.704  	-35.865   	
5427832   	2104.592  	2867.705  	-35.865   	
5427841   	2104.592  	2867.705  	-35.864   	
5427850   	2104.592  	2867.705  	-35.864   	
5427859   	2104.592  	2867.705  	-35.863   	
5427871   	2104.591  	2867.706  	-35.862   	
5427880   	2104.591  	2867.706  	-35.863   	
5427892   	2104.590  	2867.706  	-35.863   	
5427901   	2104.590  	2867.706  	-35.862   	
5427913   	2104.590  	2867.706  	-35.863   	
5427919   	2104.590  	2867.706  	-35.862   	
5427931   	2104.590  	2867.706  	-35.863   	
5427940   	2104.590  	2867.706  	-35.863   	
5427952   	2104.589  	2867.707  	-35.864   	
5427961   	2104.589  	2867.707  	-35.864   	
5427973   	2104.589  	2867.707  	-35.864   	
5427982   	2104.589  	2867.708  	-35.864   	
5427991   	2104.589  	2867.707  	-35.864   	
5428003   	2104.588  	2867.708  	-35.864   	
5428012   	2104.588  	2867.708  	-35.864   	
5428021   	2104.587  	2867.708  	-35.864   	
5428030   	2104.587  	2867.709  	-35.863   	
5428042   	2104.587  	2867.708  	-35.862   	
5428051   	2104.588  	2867.708  	-35.861   	
5428063   	2104.587  	2867.708  	-35.860   	
5428072   	2104.588  	2867.708  	-35.859   	
5428081   	2104.588  	2867.708  	-35.858   	
5428090   	2104.589  	2867.707  	-35.857   	
5428102   	2104.590  	2867.707  	-35.857   	
5428111   	2104.590  	2867.706  	-35.857   	
5428120   	2104.591  	2867.706  	-35.856   	
5428129   	2104.590  	2867.706  	-35.855   	
5428141   	2104.591  	2867.706  	-35.854   	
5428153   	2104.590  	2867.707  	-35.854   	
5428162   	2104.590  	2867.707  	-35.855   	
5428171   	2104.589  	2867.708  	-35.854   	
5428180   	2104.589  	2867.708  	-35.855   	
5428192   	2104.588  	2867.708  	-35.855   	
5428201   	2104.587  	2867.709  	-35.855   	
5428210   	2104.587  	2867.709  	-35.856   	
5428222   	2104.586  	2867.709  	-35.856   	
5428231   	2104.586  	2867.709  	-35.856   	
5428243   	2104.587  	2867.709  	-35.856   	
5428252   	2104.587  	2867.709  	-35.855   	
5428261   	2104.588  	2867.708  	-35.855   	
5428270   	2104.589  	2867.708  	-35.855   	
5428282   	2104.589  	2867.708  	-35.855   	
5428291   	2104.590  	2867.708  	-35.853   	
5428303   	2104.590  	2867.707  	-35.853   	
5428312   	2104.590  	2867.707  	-35.853   	
5428321   	2104.590  	2867.707  	-35.853   	
5428333   	2104.590  	2867.707  	-35.853   	
5428342   	2104.590  	2867.707  	-35.854   	
5428351   	2104.590  	2867.707  	-35.855   	
5428360   	2104.590  	2867.707  	-35.856   	
5428372   	2104.589  	2867.707  	-35.857   	
5428381   	2104.589  	2867.707  	-35.858   	
5428393   	2104.588  	2867.708  	-35.859   	
5428402   	2104.588  	2867.708  	-35.860   	
5428411   	2104.587  	2867.709  	-35.860   	
5428420   	2104.588  	2867.708  	-35.861   	


Session #14

Time Stamp 	X-axis 		Y-axis 		Z-axis 		
5435410   	2098.068  	2869.943  	-98.668   	
5435419   	2098.067  	2869.944  	-98.669   	
5435431   	2098.069  	2869.943  	-98.670   	
5435440   	2098.069  	2869.943  	-98.669   	
5435449   	2098.069  	2869.943  	-98.670   	
5435461   	2098.070  	2869.942  	-98.670   	
5435470   	2098.070  	2869.942  	-98.671   	
5435482   	2098.070  	2869.942  	-98.671   	
5435491   	2098.069  	2869.942  	-98.670   	
5435500   	2098.069  	2869.942  	-98.670   	
5435509   	2098.070  	2869.942  	-98.670   	
5435521   	2098.068  	2869.943  	-98.670   	
5435530   	2098.069  	2869.943  	-98.670   	
5435539   	2098.067  	2869.944  	-98.670   	
5435551   	2098.068  	2869.944  	-98.670   	
5435560   	2098.068  	2869.945  	-98.669   	
5435569   	2098.066  	2869.946  	-98.669   	
5435581   	2098.066  	2869.946  	-98.669   	
5435590   	2098.064  	2869.947  	-98.669   	
5435599   	2098.066  	2869.946  	-98.668   	
5435608   	2098.064  	2869.946  	-98.669   	
5435620   	2098.064  	2869.946  	-98.669   	
5435629   	2098.064  	2869.946  	-98.669   	
5435641   	2098.062  	2869.947  	-98.669   	
5435650   	2098.063  	2869.946  	-98.669   	
5435659   	2098.063  	2869.946  	-98.669   	
5435671   	2098.064  	2869.946  	-98.670   	
5435680   	2098.065  	2869.945  	-98.670   	
5435689   	2098.065  	2869.946  	-98.669   	
5435698   	2098.065  	2869.946  	-98.668   	
5435707   	2098.065  	2869.946  	-98.668   	
5435719   	2098.066  	2869.946  	-98.669   	
5435731   	2098.066  	2869.946  	-98.668   	
5435740   	2098.066  	2869.945  	-98.668   	
5435749   	2098.066  	2869.945  	-98.669   	
5435758   	2098.066  	2869.945  	-98.669   	
5435770   	2098.066  	2869.944  	-98.669   	
5435779   	2098.066  	2869.945  	-98.669   	
5435788   	2098.066  	2869.944  	-98.669   	
5435800   	2098.067  	2869.944  	-98.669   	
5435809   	2098.067  	2869.944  	-98.670   	
5435821   	2098.068  	2869.944  	-98.670   	
5435830   	2098.068  	2869.944  	-98.669   	
5435839   	2098.069  	2869.943  	-98.669   	
5435848   	2098.068  	2869.944  	-98.669   	
5435857   	2098.067  	2869.945  	-98.669   	
5435869   	2098.070  	2869.943  	-98.669   	
5435878   	2098.068  	2869.944  	-98.669   	
5435890   	2098.070  	2869.943  	-98.670   	
5435899   	2098.069  	2869.943  	-98.670   	
5435908   	2098.068  	2869.943  	-98.671   	
5435920   	2098.069  	2869.943  	-98.670   	
5435929   	2098.068  	2869.943  	-98.670   	
5435938   	2098.069  	2869.942  	-98.670   	
5435950   	2098.069  	2869.943  	-98.670   	
5435959   	2098.069  	2869.942  	-98.671   	
5435971   	2098.069  	2869.943  	-98.670   	
5435980   	2098.069  	2869.943  	-98.670   	
5435989   	2098.069  	2869.943  	-98.671   	
5435998   	2098.068  	2869.944  	-98.670   	
5436010   	2098.068  	2869.944  	-98.670   	
5436019   	2098.068  	2869.944  	-98.671   	
5436028   	2098.068  	2869.944  	-98.672   	
5436040   	2098.068  	2869.944  	-98.672   	
5436049   	2098.067  	2869.944  	-98.672   	
5436061   	2098.068  	2869.943  	-98.672   	
5436070   	2098.067  	2869.944  	-98.672   	
5436079   	2098.068  	2869.943  	-98.673   	
5436088   	2098.068  	2869.943  	-98.673   	
5436100   	2098.067  	2869.944  	-98.672   	
5436106   	2098.068  	2869.943  	-98.673   	
5436118   	2098.067  	2869.944  	-98.672   	
5436127   	2098.067  	2869.944  	-98.674   	
5436139   	2098.068  	2869.943  	-98.673   	
5436151   	2098.068  	2869.944  	-98.673   	
5436160   	2098.068  	2869.944  	-98.672   	
5436169   	2098.067  	2869.944  	-98.673   	
5436178   	2098.069  	2869.943  	-98.675   	
5436190   	2098.068  	2869.944  	-98.674   	
5436199   	2098.068  	2869.943  	-98.673   	
5436208   	2098.069  	2869.943  	-98.673   	
5436220   	2098.069  	2869.942  	-98.673   	
5436229   	2098.069  	2869.942  	-98.674   	
5436241   	2098.069  	2869.942  	-98.673   	
5436250   	2098.069  	2869.942  	-98.674   	
5436259   	2098.069  	2869.943  	-98.673   	
5436268   	2098.069  	2869.943  	-98.673   	
5436280   	2098.069  	2869.943  	-98.673   	
5436289   	2098.069  	2869.943  	-98.673   	
5436301   	2098.070  	2869.943  	-98.674   	
5436310   	2098.069  	2869.943  	-98.674   	
5436319   	2098.070  	2869.943  	-98.675   	
5436331   	2098.070  	2869.942  	-98.674   	
5436340   	2098.070  	2869.942  	-98.674   	
5436349   	2098.070  	2869.941  	-98.673   	
5436358   	2098.070  	2869.941  	-98.673   	
5436370   	2098.071  	2869.941  	-98.672   	
5436379   	2098.070  	2869.941  	-98.672   	
5436391   	2098.070  	2869.942  	-98.673   	
5436400   	2098.071  	2869.941  	-98.672   	


Session #15

Time Stamp 	X-axis 		Y-axis 		Z-axis 		
5442844   	2111.249  	2871.685  	-103.228  	
5442889   	2111.249  	2871.685  	-103.229  	
5442895   	2111.249  	2871.685  	-103.228  	
5442907   	2111.249  	2871.685  	-103.228  	
5442913   	2111.249  	2871.685  	-103.229  	
5442925   	2111.250  	2871.684  	-103.230  	
5442934   	2111.250  	2871.684  	-103.231  	
5442946   	2111.250  	2871.684  	-103.231  	
5442955   	2111.250  	2871.685  	-103.230  	
5442967   	2111.250  	2871.684  	-103.230  	
5442976   	2111.250  	2871.685  	-103.230  	
5442985   	2111.250  	2871.685  	-103.230  	
5442997   	2111.250  	2871.685  	-103.229  	
5443006   	2111.250  	2871.685  	-103.231  	
5443015   	2111.251  	2871.684  	-103.230  	
5443024   	2111.250  	2871.685  	-103.230  	
5443036   	2111.251  	2871.684  	-103.229  	
5443045   	2111.250  	2871.684  	-103.229  	
5443057   	2111.249  	2871.685  	-103.229  	
5443066   	2111.250  	2871.684  	-103.230  	
5443075   	2111.250  	2871.684  	-103.230  	
5443087   	2111.251  	2871.683  	-103.231  	
5443096   	2111.250  	2871.684  	-103.230  	
5443105   	2111.250  	2871.684  	-103.230  	
5443114   	2111.250  	2871.684  	-103.230  	
5443126   	2111.250  	2871.685  	-103.230  	
5443135   	2111.249  	2871.685  	-103.230  	
5443147   	2111.249  	2871.686  	-103.230  	
5443156   	2111.250  	2871.685  	-103.231  	
5443165   	2111.249  	2871.686  	-103.230  	
5443174   	2111.249  	2871.685  	-103.230  	
5443186   	2111.249  	2871.685  	-103.231  	
5443195   	2111.249  	2871.685  	-103.230  	
5443204   	2111.250  	2871.684  	-103.230  	
5443216   	2111.249  	2871.684  	-103.230  	
5443225   	2111.249  	2871.684  	-103.230  	
5443237   	2111.250  	2871.683  	-103.230  	
5443246   	2111.250  	2871.684  	-103.229  	
5443255   	2111.250  	2871.684  	-103.229  	
5443264   	2111.250  	2871.684  	-103.229  	
5443276   	2111.250  	2871.685  	-103.229  	
5443285   	2111.251  	2871.684  	-103.229  	
5443297   	2111.250  	2871.685  	-103.229  	
5443306   	2111.250  	2871.685  	-103.229  	
5443315   	2111.250  	2871.685  	-103.229  	
5443327   	2111.250  	2871.684  	-103.228  	
5443336   	2111.250  	2871.684  	-103.227  	
5443345   	2111.251  	2871.683  	-103.228  	
5443354   	2111.249  	2871.684  	-103.230  	
5443366   	2111.250  	2871.683  	-103.228  	
5443375   	2111.249  	2871.684  	-103.227  	
5443387   	2111.250  	2871.684  	-103.227  	
5443396   	2111.249  	2871.684  	-103.226  	
5443405   	2111.249  	2871.685  	-103.226  	
5443414   	2111.249  	2871.685  	-103.226  	
5443426   	2111.250  	2871.685  	-103.226  	
5443435   	2111.249  	2871.686  	-103.226  	
5443444   	2111.250  	2871.685  	-103.226  	
5443510   	2111.250  	2871.685  	-103.226  	
5443516   	2111.249  	2871.685  	-103.226  	
5443525   	2111.249  	2871.685  	-103.225  	
5443534   	2111.248  	2871.686  	-103.224  	
5443546   	2111.249  	2871.685  	-103.223  	
5443555   	2111.248  	2871.686  	-103.224  	
5443567   	2111.248  	2871.686  	-103.223  	
5443576   	2111.249  	2871.686  	-103.222  	
5443585   	2111.248  	2871.686  	-103.222  	
5443594   	2111.248  	2871.686  	-103.222  	
5443606   	2111.248  	2871.686  	-103.221  	
5443615   	2111.248  	2871.686  	-103.221  	
5443624   	2111.248  	2871.686  	-103.221  	
5443636   	2111.248  	2871.686  	-103.220  	
5443645   	2111.248  	2871.686  	-103.221  	
5443657   	2111.248  	2871.685  	-103.220  	
5443663   	2111.248  	2871.686  	-103.220  	
5443675   	2111.248  	2871.686  	-103.220  	
5443684   	2111.248  	2871.686  	-103.220  	
5443696   	2111.249  	2871.686  	-103.219  	
5443705   	2111.249  	2871.686  	-103.219  	
5443717   	2111.248  	2871.687  	-103.219  	
5443726   	2111.248  	2871.687  	-103.219  	
5443735   	2111.248  	2871.686  	-103.219  	
5443747   	2111.248  	2871.687  	-103.219  	
5443756   	2111.247  	2871.687  	-103.218  	
5443765   	2111.247  	2871.686  	-103.218  	
5443774   	2111.247  	2871.687  	-103.219  	
5443783   	2111.248  	2871.685  	-103.219  	
5443795   	2111.247  	2871.687  	-103.219  	
5443807   	2111.247  	2871.686  	-103.219  	
5443816   	2111.248  	2871.686  	-103.219  	
5443825   	2111.246  	2871.687  	-103.219  	
5443834   	2111.247  	2871.687  	-103.218  	
5443846   	2111.246  	2871.688  	-103.219  	
5443855   	2111.247  	2871.687  	-103.219  	
5443864   	2111.246  	2871.688  	-103.219  	
5443873   	2111.247  	2871.687  	-103.219  	
5443885   	2111.246  	2871.687  	-103.219  	
5443897   	2111.246  	2871.687  	-103.218  	
5443906   	2111.246  	2871.687  	-103.218  	
5443915   	2111.246  	2871.687  	-103.218  	


Session #16

Time Stamp 	X-axis 		Y-axis 		Z-axis 		
5448649   	2120.068  	2932.419  	-128.147  	
5448655   	2120.068  	2932.419  	-128.148  	
5448664   	2120.069  	2932.419  	-128.148  	
5448676   	2120.068  	2932.419  	-128.148  	
5448685   	2120.068  	2932.419  	-128.147  	
5448694   	2120.068  	2932.420  	-128.148  	
5448703   	2120.068  	2932.419  	-128.149  	
5448715   	2120.067  	2932.420  	-128.149  	
5448724   	2120.067  	2932.420  	-128.149  	
5448736   	2120.069  	2932.419  	-128.149  	
5448745   	2120.069  	2932.419  	-128.149  	
5448754   	2120.069  	2932.419  	-128.150  	
5448763   	2120.069  	2932.420  	-128.149  	
5448775   	2120.068  	2932.420  	-128.149  	
5448784   	2120.069  	2932.420  	-128.150  	
5448796   	2120.068  	2932.420  	-128.150  	
5448805   	2120.068  	2932.420  	-128.149  	
5448814   	2120.067  	2932.421  	-128.149  	
5448826   	2120.067  	2932.420  	-128.151  	
5448835   	2120.068  	2932.419  	-128.148  	
5448844   	2120.067  	2932.419  	-128.150  	
5448853   	2120.068  	2932.419  	-128.150  	
5448865   	2120.068  	2932.419  	-128.150  	
5448874   	2120.068  	2932.418  	-128.150  	
5448886   	2120.069  	2932.418  	-128.150  	
5448895   	2120.069  	2932.418  	-128.151  	
5448904   	2120.069  	2932.418  	-128.151  	
5448913   	2120.069  	2932.419  	-128.151  	
5448925   	2120.069  	2932.419  	-128.152  	
5448934   	2120.068  	2932.419  	-128.152  	
5448943   	2120.068  	2932.419  	-128.152  	
5448955   	2120.068  	2932.419  	-128.152  	
5448967   	2120.068  	2932.418  	-128.154  	
5448976   	2120.068  	2932.418  	-128.154  	
5448985   	2120.068  	2932.417  	-128.155  	
5448994   	2120.068  	2932.417  	-128.155  	
5449006   	2120.068  	2932.417  	-128.155  	
5449015   	2120.068  	2932.417  	-128.155  	
5449024   	2120.069  	2932.416  	-128.155  	
5449033   	2120.069  	2932.417  	-128.156  	
5449045   	2120.069  	2932.417  	-128.156  	
5449054   	2120.069  	2932.417  	-128.156  	
5449066   	2120.070  	2932.417  	-128.156  	
5449075   	2120.070  	2932.417  	-128.155  	
5449084   	2120.069  	2932.418  	-128.156  	
5449093   	2120.069  	2932.417  	-128.157  	
5449102   	2120.068  	2932.418  	-128.156  	
5449114   	2120.069  	2932.417  	-128.156  	
5449123   	2120.069  	2932.416  	-128.157  	
5449135   	2120.069  	2932.416  	-128.157  	
5449144   	2120.070  	2932.415  	-128.157  	
5449156   	2120.070  	2932.416  	-128.157  	
5449162   	2120.070  	2932.415  	-128.158  	
5449174   	2120.071  	2932.416  	-128.158  	
5449183   	2120.070  	2932.417  	-128.158  	
5449195   	2120.070  	2932.417  	-128.159  	
5449204   	2120.070  	2932.417  	-128.159  	
5449216   	2120.070  	2932.417  	-128.158  	
5449225   	2120.069  	2932.417  	-128.159  	
5449234   	2120.070  	2932.417  	-128.159  	
5449246   	2120.070  	2932.416  	-128.159  	
5449255   	2120.070  	2932.416  	-128.159  	
5449264   	2120.071  	2932.415  	-128.159  	
5449273   	2120.070  	2932.416  	-128.159  	
5449285   	2120.072  	2932.414  	-128.160  	
5449297   	2120.070  	2932.416  	-128.159  	
5449306   	2120.071  	2932.415  	-128.160  	
5449315   	2120.071  	2932.415  	-128.160  	
5449324   	2120.071  	2932.416  	-128.160  	
5449336   	2120.072  	2932.415  	-128.160  	
5449345   	2120.071  	2932.416  	-128.160  	
5449354   	2120.071  	2932.416  	-128.160  	
5449363   	2120.072  	2932.416  	-128.159  	
5449375   	2120.071  	2932.416  	-128.159  	
5449384   	2120.071  	2932.416  	-128.160  	
5449396   	2120.071  	2932.416  	-128.159  	
5449405   	2120.071  	2932.416  	-128.161  	
5449414   	2120.071  	2932.416  	-128.161  	
5449423   	2120.072  	2932.416  	-128.161  	
5449435   	2120.072  	2932.415  	-128.161  	
5449444   	2120.072  	2932.415  	-128.161  	
5449453   	2120.073  	2932.415  	-128.161  	
5449465   	2120.072  	2932.415  	-128.162  	
5449474   	2120.072  	2932.415  	-128.162  	
5449486   	2120.072  	2932.415  	-128.162  	
5449495   	2120.072  	2932.415  	-128.162  	
5449504   	2120.073  	2932.414  	-128.162  	
5449513   	2120.073  	2932.414  	-128.162  	
5449525   	2120.073  	2932.414  	-128.162  	
5449534   	2120.073  	2932.414  	-128.162  	
5449546   	2120.073  	2932.414  	-128.162  	
5449555   	2120.073  	2932.414  	-128.162  	
5449564   	2120.074  	2932.414  	-128.162  	
5449576   	2120.074  	2932.414  	-128.161  	
5449585   	2120.074  	2932.414  	-128.161  	
5449594   	2120.075  	2932.413  	-128.161  	
5449603   	2120.075  	2932.413  	-128.161  	
5449615   	2120.075  	2932.413  	-128.161  	
5449624   	2120.076  	2932.412  	-128.161  	
5449636   	2120.075  	2932.413  	-128.161  	


Session #17

Time Stamp 	X-axis 		Y-axis 		Z-axis 		
5454322   	2048.200  	2852.326  	-109.583  	
5454331   	2048.198  	2852.327  	-109.582  	
5454343   	2048.199  	2852.326  	-109.582  	
5454352   	2048.198  	2852.326  	-109.582  	
5454361   	2048.198  	2852.325  	-109.583  	
5454370   	2048.198  	2852.325  	-109.583  	
5454382   	2048.198  	2852.326  	-109.583  	
5454394   	2048.198  	2852.325  	-109.583  	
5454403   	2048.197  	2852.327  	-109.583  	
5454412   	2048.197  	2852.327  	-109.583  	
5454421   	2048.198  	2852.327  	-109.583  	
5454433   	2048.197  	2852.328  	-109.584  	
5454442   	2048.198  	2852.327  	-109.583  	
5454451   	2048.197  	2852.328  	-109.584  	
5454463   	2048.198  	2852.327  	-109.584  	
5454472   	2048.197  	2852.327  	-109.583  	
5454484   	2048.197  	2852.327  	-109.583  	
5454493   	2048.197  	2852.327  	-109.584  	
5454502   	2048.196  	2852.327  	-109.584  	
5454511   	2048.197  	2852.327  	-109.583  	
5454523   	2048.197  	2852.327  	-109.585  	
5454532   	2048.197  	2852.327  	-109.583  	
5454544   	2048.196  	2852.327  	-109.583  	
5454553   	2048.197  	2852.327  	-109.583  	
5454562   	2048.197  	2852.327  	-109.583  	
5454574   	2048.197  	2852.328  	-109.584  	
5454583   	2048.198  	2852.328  	-109.583  	
5454592   	2048.197  	2852.328  	-109.584  	
5454601   	2048.197  	2852.328  	-109.583  	
5454613   	2048.196  	2852.328  	-109.583  	
5454622   	2048.196  	2852.328  	-109.584  	
5454634   	2048.196  	2852.328  	-109.584  	
5454643   	2048.196  	2852.328  	-109.583  	
5454652   	2048.196  	2852.328  	-109.583  	
5454661   	2048.196  	2852.328  	-109.584  	
5454673   	2048.195  	2852.328  	-109.584  	
5454682   	2048.195  	2852.328  	-109.584  	
5454691   	2048.195  	2852.328  	-109.583  	
5454700   	2048.196  	2852.328  	-109.582  	
5454712   	2048.195  	2852.329  	-109.583  	
5454724   	2048.196  	2852.329  	-109.583  	
5454733   	2048.194  	2852.330  	-109.582  	
5454742   	2048.194  	2852.330  	-109.582  	
5454751   	2048.195  	2852.329  	-109.582  	
5454763   	2048.194  	2852.330  	-109.582  	
5454772   	2048.194  	2852.330  	-109.582  	
5454781   	2048.195  	2852.329  	-109.581  	
5454793   	2048.193  	2852.330  	-109.581  	
5454802   	2048.194  	2852.329  	-109.582  	
5454814   	2048.194  	2852.330  	-109.581  	
5454823   	2048.194  	2852.329  	-109.581  	
5454832   	2048.195  	2852.329  	-109.581  	
5454841   	2048.195  	2852.329  	-109.580  	
5454853   	2048.196  	2852.329  	-109.581  	
5454862   	2048.195  	2852.329  	-109.580  	
5454871   	2048.195  	2852.329  	-109.581  	
5454883   	2048.195  	2852.329  	-109.581  	
5454892   	2048.195  	2852.329  	-109.582  	
5454904   	2048.195  	2852.328  	-109.582  	
5454910   	2048.196  	2852.328  	-109.582  	
5454922   	2048.195  	2852.328  	-109.581  	
5454931   	2048.196  	2852.328  	-109.581  	
5454943   	2048.196  	2852.328  	-109.582  	
5454952   	2048.196  	2852.328  	-109.581  	
5454964   	2048.196  	2852.328  	-109.582  	
5454973   	2048.197  	2852.328  	-109.581  	
5454982   	2048.196  	2852.328  	-109.581  	
5454991   	2048.197  	2852.328  	-109.581  	
5455003   	2048.196  	2852.328  	-109.581  	
5455012   	2048.196  	2852.328  	-109.581  	
5455021   	2048.196  	2852.328  	-109.581  	
5455033   	2048.196  	2852.328  	-109.582  	
5455042   	2048.196  	2852.328  	-109.581  	
5455054   	2048.196  	2852.328  	-109.583  	
5455063   	2048.196  	2852.328  	-109.582  	
5455072   	2048.197  	2852.328  	-109.582  	
5455081   	2048.197  	2852.327  	-109.581  	
5455093   	2048.197  	2852.327  	-109.581  	
5455102   	2048.197  	2852.328  	-109.581  	
5455111   	2048.198  	2852.327  	-109.581  	
5455120   	2048.197  	2852.327  	-109.581  	
5455132   	2048.198  	2852.327  	-109.581  	
5455144   	2048.197  	2852.328  	-109.581  	
5455153   	2048.197  	2852.328  	-109.581  	
5455159   	2048.198  	2852.327  	-109.581  	
5455171   	2048.196  	2852.328  	-109.581  	
5455183   	2048.198  	2852.327  	-109.581  	
5455192   	2048.197  	2852.328  	-109.582  	
5455201   	2048.197  	2852.328  	-109.582  	
5455213   	2048.198  	2852.327  	-109.582  	
5455222   	2048.197  	2852.327  	-109.581  	
5455234   	2048.198  	2852.327  	-109.581  	
5455243   	2048.197  	2852.327  	-109.581  	
5455252   	2048.197  	2852.327  	-109.582  	
5455261   	2048.198  	2852.326  	-109.581  	
5455273   	2048.198  	2852.327  	-109.582  	
5455282   	2048.198  	2852.327  	-109.582  	
5455294   	2048.198  	2852.327  	-109.582  	
5455303   	2048.197  	2852.328  	-109.582  	
5455312   	2048.197  	2852.328  	-109.582  	


Session #18

Time Stamp 	X-axis 		Y-axis 		Z-axis 		
5464157   	2102.540  	2821.041  	-89.578   	
5464160   	2102.540  	2821.041  	-89.578   	
5464169   	2102.541  	2821.040  	-89.578   	
5464178   	2102.541  	2821.041  	-89.578   	
5464190   	2102.542  	2821.040  	-89.578   	
5464199   	2102.542  	2821.040  	-89.578   	
5464211   	2102.541  	2821.040  	-89.578   	
5464220   	2102.541  	2821.040  	-89.578   	
5464229   	2102.540  	2821.040  	-89.578   	
5464241   	2102.540  	2821.040  	-89.578   	
5464250   	2102.540  	2821.040  	-89.577   	
5464259   	2102.540  	2821.040  	-89.578   	
5464268   	2102.539  	2821.041  	-89.578   	
5464280   	2102.540  	2821.041  	-89.577   	
5464292   	2102.539  	2821.042  	-89.577   	
5464301   	2102.540  	2821.042  	-89.578   	
5464310   	2102.539  	2821.042  	-89.577   	
5464319   	2102.540  	2821.042  	-89.577   	
5464331   	2102.541  	2821.042  	-89.577   	
5464340   	2102.540  	2821.042  	-89.577   	
5464349   	2102.540  	2821.042  	-89.576   	
5464358   	2102.541  	2821.041  	-89.577   	
5464370   	2102.540  	2821.041  	-89.576   	
5464382   	2102.540  	2821.041  	-89.576   	
5464391   	2102.538  	2821.042  	-89.576   	
5464400   	2102.540  	2821.041  	-89.577   	
5464409   	2102.538  	2821.042  	-89.576   	
5464421   	2102.539  	2821.042  	-89.576   	
5464430   	2102.539  	2821.042  	-89.577   	
5464439   	2102.539  	2821.042  	-89.577   	
5464448   	2102.540  	2821.042  	-89.577   	
5464460   	2102.540  	2821.042  	-89.576   	
5464469   	2102.540  	2821.042  	-89.576   	
5464481   	2102.540  	2821.041  	-89.576   	
5464490   	2102.540  	2821.041  	-89.577   	
5464499   	2102.540  	2821.041  	-89.577   	
5464508   	2102.540  	2821.041  	-89.576   	
5464520   	2102.539  	2821.041  	-89.576   	
5464529   	2102.540  	2821.041  	-89.576   	
5464541   	2102.539  	2821.042  	-89.576   	
5464550   	2102.540  	2821.042  	-89.576   	
5464559   	2102.539  	2821.043  	-89.574   	
5464571   	2102.540  	2821.042  	-89.575   	
5464580   	2102.539  	2821.043  	-89.574   	
5464589   	2102.540  	2821.042  	-89.575   	
5464598   	2102.539  	2821.043  	-89.574   	
5464610   	2102.540  	2821.042  	-89.574   	
5464619   	2102.539  	2821.042  	-89.574   	
5464631   	2102.539  	2821.041  	-89.574   	
5464640   	2102.538  	2821.041  	-89.574   	
5464649   	2102.539  	2821.041  	-89.573   	
5464658   	2102.537  	2821.042  	-89.574   	
5464670   	2102.538  	2821.042  	-89.574   	
5464679   	2102.538  	2821.042  	-89.573   	
5464688   	2102.539  	2821.042  	-89.574   	
5464700   	2102.540  	2821.042  	-89.574   	
5464712   	2102.539  	2821.043  	-89.574   	
5464721   	2102.540  	2821.043  	-89.574   	
5464730   	2102.540  	2821.043  	-89.574   	
5464739   	2102.541  	2821.042  	-89.574   	
5464751   	2102.541  	2821.042  	-89.574   	
5464760   	2102.540  	2821.042  	-89.574   	
5464769   	2102.540  	2821.042  	-89.574   	
5464778   	2102.538  	2821.042  	-89.574   	
5464790   	2102.539  	2821.041  	-89.575   	
5464799   	2102.539  	2821.041  	-89.575   	
5464811   	2102.539  	2821.041  	-89.573   	
5464820   	2102.538  	2821.042  	-89.573   	
5464829   	2102.538  	2821.042  	-89.573   	
5464841   	2102.539  	2821.042  	-89.573   	
5464850   	2102.539  	2821.043  	-89.574   	
5464859   	2102.540  	2821.042  	-89.573   	
5464868   	2102.541  	2821.042  	-89.573   	
5464880   	2102.540  	2821.042  	-89.574   	
5464889   	2102.540  	2821.042  	-89.573   	
5464901   	2102.540  	2821.042  	-89.573   	
5464910   	2102.540  	2821.042  	-89.574   	
5464919   	2102.540  	2821.042  	-89.574   	
5464928   	2102.539  	2821.041  	-89.574   	
5464940   	2102.540  	2821.041  	-89.574   	
5464949   	2102.540  	2821.041  	-89.574   	
5464961   	2102.540  	2821.041  	-89.574   	
5464970   	2102.540  	2821.041  	-89.574   	
5464979   	2102.540  	2821.041  	-89.574   	
5464991   	2102.539  	2821.042  	-89.574   	
5465000   	2102.541  	2821.041  	-89.574   	
5465009   	2102.540  	2821.042  	-89.574   	
5465018   	2102.540  	2821.042  	-89.574   	
5465030   	2102.540  	2821.042  	-89.574   	
5465042   	2102.540  	2821.042  	-89.574   	
5465051   	2102.540  	2821.042  	-89.575   	
5465060   	2102.541  	2821.041  	-89.575   	
5465069   	2102.541  	2821.040  	-89.575   	
5465081   	2102.540  	2821.041  	-89.576   	
5465090   	2102.540  	2821.040  	-89.575   	
5465096   	2102.540  	2821.040  	-89.576   	
5465108   	2102.540  	2821.041  	-89.576   	
5465117   	2102.540  	2821.041  	-89.576   	
5465132   	2102.540  	2821.042  	-89.576   	
5465141   	2102.539  	2821.042  	-89.576   	


Session #19

Time Stamp 	X-axis 		Y-axis 		Z-axis 		
5469878   	2106.586  	2869.204  	-140.238  	
5469932   	2106.586  	2869.203  	-140.238  	
5469938   	2106.587  	2869.203  	-140.238  	
5469947   	2106.586  	2869.204  	-140.238  	
5469959   	2106.587  	2869.203  	-140.238  	
5469968   	2106.586  	2869.204  	-140.238  	
5469977   	2106.586  	2869.204  	-140.238  	
5469989   	2106.586  	2869.203  	-140.238  	
5469998   	2106.585  	2869.204  	-140.238  	
5470007   	2106.585  	2869.204  	-140.239  	
5470016   	2106.585  	2869.204  	-140.238  	
5470028   	2106.585  	2869.204  	-140.239  	
5470040   	2106.585  	2869.204  	-140.238  	
5470049   	2106.586  	2869.204  	-140.238  	
5470058   	2106.586  	2869.204  	-140.238  	
5470067   	2106.586  	2869.204  	-140.238  	
5470079   	2106.586  	2869.205  	-140.238  	
5470088   	2106.586  	2869.204  	-140.238  	
5470097   	2106.586  	2869.204  	-140.238  	
5470106   	2106.586  	2869.204  	-140.238  	
5470118   	2106.586  	2869.204  	-140.238  	
5470130   	2106.586  	2869.204  	-140.237  	
5470139   	2106.586  	2869.203  	-140.237  	
5470148   	2106.586  	2869.203  	-140.236  	
5470157   	2106.586  	2869.203  	-140.237  	
5470169   	2106.586  	2869.203  	-140.237  	
5470178   	2106.586  	2869.204  	-140.237  	
5470187   	2106.586  	2869.204  	-140.237  	
5470196   	2106.586  	2869.204  	-140.236  	
5470208   	2106.585  	2869.204  	-140.236  	
5470220   	2106.586  	2869.204  	-140.236  	
5470229   	2106.586  	2869.204  	-140.236  	
5470238   	2106.586  	2869.204  	-140.236  	
5470247   	2106.586  	2869.204  	-140.236  	
5470259   	2106.586  	2869.204  	-140.236  	
5470268   	2106.586  	2869.204  	-140.236  	
5470277   	2106.585  	2869.204  	-140.236  	
5470289   	2106.586  	2869.204  	-140.236  	
5470298   	2106.585  	2869.205  	-140.235  	
5470307   	2106.586  	2869.204  	-140.235  	
5470319   	2106.585  	2869.205  	-140.235  	
5470328   	2106.585  	2869.205  	-140.235  	
5470337   	2106.585  	2869.205  	-140.234  	
5470346   	2106.586  	2869.205  	-140.235  	
5470358   	2106.585  	2869.205  	-140.235  	
5470367   	2106.586  	2869.205  	-140.235  	
5470379   	2106.585  	2869.205  	-140.235  	
5470388   	2106.585  	2869.205  	-140.235  	
5470397   	2106.586  	2869.205  	-140.235  	
5470406   	2106.586  	2869.205  	-140.235  	
5470418   	2106.585  	2869.205  	-140.235  	
5470427   	2106.585  	2869.205  	-140.235  	
5470436   	2106.585  	2869.205  	-140.235  	
5470448   	2106.585  	2869.204  	-140.236  	
5470460   	2106.584  	2869.205  	-140.235  	
5470469   	2106.585  	2869.205  	-140.236  	
5470478   	2106.586  	2869.205  	-140.235  	
5470487   	2106.584  	2869.206  	-140.234  	
5470499   	2106.585  	2869.205  	-140.234  	
5470508   	2106.585  	2869.205  	-140.234  	
5470517   	2106.585  	2869.205  	-140.234  	
5470526   	2106.585  	2869.205  	-140.235  	
5470538   	2106.584  	2869.205  	-140.234  	
5470550   	2106.584  	2869.205  	-140.233  	
5470559   	2106.585  	2869.205  	-140.234  	
5470568   	2106.585  	2869.205  	-140.234  	
5470577   	2106.584  	2869.205  	-140.234  	
5470589   	2106.585  	2869.205  	-140.234  	
5470598   	2106.585  	2869.205  	-140.235  	
5470607   	2106.585  	2869.205  	-140.234  	
5470616   	2106.585  	2869.205  	-140.234  	
5470628   	2106.585  	2869.205  	-140.234  	
5470637   	2106.584  	2869.206  	-140.235  	
5470649   	2106.585  	2869.205  	-140.235  	
5470655   	2106.584  	2869.205  	-140.235  	
5470667   	2106.584  	2869.205  	-140.235  	
5470679   	2106.584  	2869.205  	-140.235  	
5470688   	2106.584  	2869.205  	-140.235  	
5470697   	2106.584  	2869.205  	-140.235  	
5470709   	2106.584  	2869.206  	-140.236  	
5470718   	2106.584  	2869.206  	-140.236  	
5470727   	2106.584  	2869.206  	-140.236  	
5470739   	2106.584  	2869.206  	-140.236  	
5470748   	2106.584  	2869.206  	-140.236  	
5470757   	2106.585  	2869.205  	-140.235  	
5470766   	2106.584  	2869.206  	-140.236  	
5470778   	2106.585  	2869.205  	-140.236  	
5470790   	2106.584  	2869.205  	-140.236  	
5470799   	2106.585  	2869.205  	-140.236  	
5470808   	2106.584  	2869.205  	-140.237  	
5470817   	2106.584  	2869.205  	-140.236  	
5470829   	2106.585  	2869.205  	-140.236  	
5470838   	2106.584  	2869.206  	-140.237  	
5470847   	2106.584  	2869.205  	-140.237  	
5470856   	2106.584  	2869.206  	-140.237  	
5470868   	2106.584  	2869.206  	-140.238  	
5470880   	2106.584  	2869.206  	-140.237  	
5470889   	2106.584  	2869.206  	-140.236  	
5470898   	2106.585  	2869.206  	-140.237  	
5470907   	2106.584  	2869.206  	-140.236  	


Session #20

Time Stamp 	X-axis 		Y-axis 		Z-axis 		
5475350   	2069.838  	2865.224  	-97.320   	
5475357   	2069.839  	2865.224  	-97.320   	
5475366   	2069.838  	2865.224  	-97.320   	
5475378   	2069.839  	2865.224  	-97.320   	
5475387   	2069.839  	2865.224  	-97.319   	
5475399   	2069.839  	2865.223  	-97.319   	
5475408   	2069.838  	2865.224  	-97.319   	
5475417   	2069.838  	2865.224  	-97.319   	
5475426   	2069.838  	2865.223  	-97.319   	
5475438   	2069.838  	2865.224  	-97.320   	
5475447   	2069.837  	2865.224  	-97.320   	
5475459   	2069.839  	2865.223  	-97.320   	
5475468   	2069.839  	2865.223  	-97.321   	
5475477   	2069.839  	2865.224  	-97.320   	
5475489   	2069.840  	2865.223  	-97.321   	
5475498   	2069.841  	2865.223  	-97.322   	
5475507   	2069.841  	2865.223  	-97.321   	
5475516   	2069.840  	2865.223  	-97.322   	
5475528   	2069.839  	2865.223  	-97.322   	
5475540   	2069.840  	2865.223  	-97.322   	
5475549   	2069.840  	2865.223  	-97.323   	
5475558   	2069.840  	2865.222  	-97.323   	
5475567   	2069.840  	2865.222  	-97.324   	
5475579   	2069.839  	2865.223  	-97.324   	
5475588   	2069.840  	2865.223  	-97.324   	
5475594   	2069.840  	2865.223  	-97.324   	
5475606   	2069.840  	2865.223  	-97.323   	
5475618   	2069.841  	2865.223  	-97.325   	
5475627   	2069.840  	2865.224  	-97.324   	
5475639   	2069.841  	2865.223  	-97.324   	
5475648   	2069.841  	2865.223  	-97.324   	
5475657   	2069.840  	2865.223  	-97.323   	
5475669   	2069.840  	2865.222  	-97.324   	
5475678   	2069.840  	2865.222  	-97.324   	
5475687   	2069.839  	2865.222  	-97.324   	
5475696   	2069.839  	2865.222  	-97.324   	
5475708   	2069.839  	2865.223  	-97.323   	
5475717   	2069.838  	2865.224  	-97.322   	
5475729   	2069.840  	2865.223  	-97.322   	
5475738   	2069.840  	2865.223  	-97.321   	
5475747   	2069.840  	2865.224  	-97.321   	
5475756   	2069.840  	2865.223  	-97.320   	
5475768   	2069.840  	2865.223  	-97.319   	
5475777   	2069.840  	2865.224  	-97.319   	
5475789   	2069.841  	2865.223  	-97.318   	
5475798   	2069.840  	2865.223  	-97.318   	
5475807   	2069.840  	2865.223  	-97.318   	
5475819   	2069.839  	2865.224  	-97.317   	
5475828   	2069.839  	2865.224  	-97.317   	
5475837   	2069.840  	2865.224  	-97.316   	
5475846   	2069.839  	2865.224  	-97.316   	
5475858   	2069.840  	2865.224  	-97.315   	
5475867   	2069.839  	2865.225  	-97.316   	
5475879   	2069.840  	2865.224  	-97.315   	
5475888   	2069.840  	2865.224  	-97.316   	
5475897   	2069.839  	2865.224  	-97.315   	
5475906   	2069.839  	2865.224  	-97.316   	
5475918   	2069.838  	2865.224  	-97.316   	
5475927   	2069.838  	2865.223  	-97.317   	
5475936   	2069.838  	2865.223  	-97.317   	
5475948   	2069.837  	2865.223  	-97.318   	
5475957   	2069.838  	2865.223  	-97.318   	
5475969   	2069.838  	2865.223  	-97.319   	
5475978   	2069.838  	2865.223  	-97.319   	
5475987   	2069.839  	2865.223  	-97.321   	
5475996   	2069.839  	2865.223  	-97.320   	
5476008   	2069.840  	2865.223  	-97.323   	
5476017   	2069.840  	2865.224  	-97.323   	
5476026   	2069.840  	2865.223  	-97.323   	
5476038   	2069.840  	2865.224  	-97.323   	
5476047   	2069.840  	2865.223  	-97.324   	
5476059   	2069.840  	2865.223  	-97.325   	
5476068   	2069.839  	2865.223  	-97.325   	
5476077   	2069.839  	2865.223  	-97.325   	
5476086   	2069.840  	2865.222  	-97.325   	
5476098   	2069.839  	2865.222  	-97.325   	
5476107   	2069.839  	2865.223  	-97.325   	
5476116   	2069.839  	2865.222  	-97.325   	
5476128   	2069.838  	2865.224  	-97.325   	
5476137   	2069.839  	2865.224  	-97.325   	
5476146   	2069.840  	2865.223  	-97.324   	
5476155   	2069.839  	2865.225  	-97.324   	
5476167   	2069.840  	2865.224  	-97.323   	
5476176   	2069.839  	2865.225  	-97.322   	
5476188   	2069.839  	2865.225  	-97.322   	
5476197   	2069.840  	2865.224  	-97.322   	
5476209   	2069.839  	2865.224  	-97.322   	
5476218   	2069.839  	2865.223  	-97.322   	
5476227   	2069.838  	2865.224  	-97.322   	
5476236   	2069.838  	2865.223  	-97.322   	
5476248   	2069.838  	2865.223  	-97.322   	
5476257   	2069.836  	2865.224  	-97.323   	
5476266   	2069.837  	2865.223  	-97.322   	
5476275   	2069.836  	2865.224  	-97.323   	
5476287   	2069.838  	2865.224  	-97.323   	
5476299   	2069.838  	2865.225  	-97.324   	
5476308   	2069.839  	2865.225  	-97.324   	
5476317   	2069.840  	2865.225  	-97.324   	
5476326   	2069.841  	2865.224  	-97.323   	
5476338   	2069.842  	2865.224  	-97.324   	


Session #21

Time Stamp 	X-axis 		Y-axis 		Z-axis 		
5481715   	2099.819  	2940.726  	-103.479  	
5481730   	2099.819  	2940.726  	-103.478  	
5481736   	2099.820  	2940.726  	-103.478  	
5481745   	2099.821  	2940.726  	-103.477  	
5481754   	2099.820  	2940.726  	-103.477  	
5481766   	2099.821  	2940.725  	-103.478  	
5481775   	2099.819  	2940.725  	-103.478  	
5481787   	2099.821  	2940.723  	-103.479  	
5481796   	2099.820  	2940.724  	-103.478  	
5481805   	2099.819  	2940.724  	-103.477  	
5481817   	2099.819  	2940.724  	-103.478  	
5481826   	2099.819  	2940.724  	-103.477  	
5481835   	2099.819  	2940.725  	-103.478  	
5481844   	2099.819  	2940.726  	-103.478  	
5481856   	2099.820  	2940.726  	-103.477  	
5481865   	2099.820  	2940.726  	-103.477  	
5481877   	2099.821  	2940.726  	-103.478  	
5481886   	2099.822  	2940.725  	-103.477  	
5481895   	2099.822  	2940.725  	-103.477  	
5481904   	2099.822  	2940.725  	-103.477  	
5481916   	2099.821  	2940.724  	-103.477  	
5481925   	2099.821  	2940.724  	-103.477  	
5481934   	2099.821  	2940.724  	-103.478  	
5481946   	2099.820  	2940.723  	-103.478  	
5481958   	2099.820  	2940.724  	-103.477  	
5481967   	2099.820  	2940.724  	-103.477  	
5481976   	2099.819  	2940.724  	-103.476  	
5481985   	2099.820  	2940.725  	-103.477  	
5481997   	2099.820  	2940.725  	-103.477  	
5482006   	2099.820  	2940.726  	-103.477  	
5482015   	2099.821  	2940.726  	-103.477  	
5482024   	2099.821  	2940.726  	-103.477  	
5482036   	2099.821  	2940.726  	-103.478  	
5482045   	2099.822  	2940.725  	-103.478  	
5482057   	2099.822  	2940.724  	-103.478  	
5482066   	2099.822  	2940.724  	-103.478  	
5482075   	2099.822  	2940.723  	-103.478  	
5482084   	2099.821  	2940.724  	-103.477  	
5482093   	2099.821  	2940.723  	-103.477  	
5482105   	2099.819  	2940.724  	-103.478  	
5482114   	2099.819  	2940.724  	-103.478  	
5482126   	2099.819  	2940.724  	-103.478  	
5482135   	2099.819  	2940.725  	-103.477  	
5482147   	2099.819  	2940.725  	-103.477  	
5482156   	2099.820  	2940.725  	-103.477  	
5482165   	2099.820  	2940.725  	-103.477  	
5482174   	2099.821  	2940.725  	-103.478  	
5482186   	2099.821  	2940.724  	-103.477  	
5482195   	2099.821  	2940.725  	-103.477  	
5482207   	2099.821  	2940.724  	-103.477  	
5482216   	2099.820  	2940.724  	-103.478  	
5482225   	2099.820  	2940.724  	-103.478  	
5482234   	2099.820  	2940.724  	-103.478  	
5482246   	2099.819  	2940.724  	-103.477  	
5482255   	2099.819  	2940.724  	-103.478  	
5482264   	2099.819  	2940.724  	-103.477  	
5482273   	2099.819  	2940.724  	-103.477  	
5482285   	2099.819  	2940.725  	-103.478  	
5482297   	2099.819  	2940.725  	-103.478  	
5482306   	2099.820  	2940.725  	-103.478  	
5482315   	2099.820  	2940.725  	-103.478  	
5482324   	2099.820  	2940.725  	-103.478  	
5482336   	2099.820  	2940.725  	-103.478  	
5482345   	2099.820  	2940.724  	-103.478  	
5482354   	2099.821  	2940.724  	-103.478  	
5482363   	2099.820  	2940.724  	-103.479  	
5482375   	2099.820  	2940.723  	-103.478  	
5482387   	2099.819  	2940.724  	-103.478  	
5482396   	2099.819  	2940.724  	-103.478  	
5482405   	2099.819  	2940.725  	-103.478  	
5482414   	2099.820  	2940.724  	-103.478  	
5482426   	2099.819  	2940.725  	-103.478  	
5482435   	2099.819  	2940.725  	-103.478  	
5482444   	2099.819  	2940.725  	-103.479  	
5482456   	2099.819  	2940.725  	-103.478  	
5482465   	2099.821  	2940.723  	-103.479  	
5482477   	2099.820  	2940.724  	-103.479  	
5482486   	2099.820  	2940.723  	-103.478  	
5482495   	2099.819  	2940.724  	-103.479  	
5482504   	2099.819  	2940.724  	-103.479  	
5482513   	2099.819  	2940.724  	-103.479  	
5482525   	2099.819  	2940.724  	-103.479  	
5482537   	2099.819  	2940.724  	-103.478  	
5482546   	2099.819  	2940.724  	-103.479  	
5482555   	2099.820  	2940.724  	-103.479  	
5482564   	2099.821  	2940.723  	-103.478  	
5482576   	2099.821  	2940.723  	-103.478  	
5482585   	2099.822  	2940.723  	-103.478  	
5482591   	2099.822  	2940.723  	-103.478  	
5482603   	2099.821  	2940.723  	-103.478  	
5482615   	2099.822  	2940.722  	-103.477  	
5482627   	2099.821  	2940.723  	-103.476  	
5482636   	2099.821  	2940.722  	-103.477  	
5482645   	2099.820  	2940.722  	-103.477  	
5482654   	2099.819  	2940.723  	-103.478  	
5482666   	2099.820  	2940.722  	-103.478  	
5482675   	2099.819  	2940.722  	-103.477  	
5482684   	2099.820  	2940.722  	-103.477  	
5482693   	2099.820  	2940.722  	-103.477  	
5482705   	2099.819  	2940.723  	-103.477  	
