Monday, December 01 04:00PM, 2008



Session #1

Time Stamp 	X-axis 		Y-axis 		Z-axis 		
4155043   	2057.496  	2870.271  	-377.843  	
4155142   	2057.496  	2870.272  	-377.844  	
4155241   	2057.496  	2870.272  	-377.844  	
4155340   	2057.521  	2870.293  	-377.819  	
4155442   	2057.692  	2870.349  	-377.788  	
4155541   	2058.632  	2870.461  	-377.775  	
4155643   	2062.351  	2870.937  	-377.717  	
4155742   	2065.500  	2871.323  	-377.701  	
4155859   	2068.749  	2871.736  	-377.670  	
4155961   	2070.345  	2871.947  	-377.649  	
4156060   	2072.664  	2872.279  	-377.637  	
4156159   	2076.488  	2872.759  	-377.571  	
4156261   	2080.186  	2873.232  	-377.558  	
4156360   	2083.432  	2873.645  	-377.526  	
4156462   	2086.883  	2874.098  	-377.510  	
4156561   	2090.434  	2874.531  	-377.469  	
4156660   	2093.549  	2874.965  	-377.429  	
4156759   	2096.163  	2875.285  	-377.426  	
4156858   	2099.307  	2875.656  	-377.406  	
4156960   	2103.461  	2876.199  	-377.367  	
4157059   	2108.527  	2876.840  	-377.287  	
4157161   	2113.726  	2877.533  	-377.262  	
4157260   	2117.770  	2878.047  	-377.210  	
4157359   	2120.862  	2878.458  	-377.146  	
4157461   	2123.950  	2878.862  	-377.110  	
4157560   	2126.856  	2879.220  	-377.100  	
4157659   	2130.005  	2879.614  	-377.063  	
4157758   	2132.173  	2879.919  	-377.060  	
4157860   	2133.427  	2880.063  	-377.034  	
4157962   	2134.282  	2880.192  	-377.024  	
4158061   	2137.096  	2880.537  	-376.996  	
4158160   	2141.158  	2881.059  	-376.973  	
4158259   	2145.470  	2881.611  	-376.949  	
4158358   	2149.282  	2882.116  	-376.917  	
4158460   	2152.655  	2882.561  	-376.857  	
4158559   	2156.549  	2883.055  	-376.841  	
4158661   	2160.594  	2883.582  	-376.793  	
4158760   	2165.251  	2884.168  	-376.761  	
4158859   	2169.454  	2884.715  	-376.701  	
4158961   	2173.200  	2885.184  	-376.711  	
4159060   	2176.478  	2885.637  	-376.663  	
4159159   	2179.574  	2886.024  	-376.634  	
4159258   	2182.599  	2886.416  	-376.582  	
4159360   	2185.214  	2886.771  	-376.559  	
4159462   	2187.200  	2887.026  	-376.543  	
4159561   	2188.447  	2887.188  	-376.544  	
4159660   	2189.975  	2887.391  	-376.531  	
4159759   	2191.232  	2887.555  	-376.518  	
4159858   	2192.349  	2887.689  	-376.490  	
4159960   	2194.037  	2887.910  	-376.470  	


Session #2

Time Stamp 	X-axis 		Y-axis 		Z-axis 		
4208485   	1797.507  	2837.184  	-90.368   	
4208584   	1797.509  	2837.184  	-90.367   	
4208686   	1797.509  	2837.187  	-90.368   	
4208785   	1797.510  	2837.188  	-90.372   	
4208887   	1797.503  	2837.188  	-90.372   	
4208986   	1797.503  	2837.187  	-90.374   	
4209082   	1797.502  	2837.187  	-90.374   	
4209184   	1797.508  	2837.187  	-90.372   	
4209286   	1798.029  	2837.268  	-89.441   	
4209385   	1800.498  	2837.588  	-85.002   	
4209487   	1802.099  	2837.805  	-82.114   	
4209583   	1803.447  	2837.959  	-79.788   	
4209685   	1804.980  	2838.160  	-76.955   	
4209787   	1805.773  	2838.264  	-75.594   	
4209886   	1806.823  	2838.412  	-73.663   	
4209985   	1808.282  	2838.606  	-71.058   	
4210084   	1809.656  	2838.794  	-68.648   	
4210186   	1811.554  	2839.037  	-65.201   	
4210285   	1813.438  	2839.277  	-61.851   	
4210387   	1815.040  	2839.495  	-58.981   	
4210486   	1817.000  	2839.755  	-55.474   	
4210582   	1819.205  	2840.046  	-51.542   	
4210684   	1821.441  	2840.337  	-47.555   	
4210786   	1823.534  	2840.629  	-43.767   	
4210885   	1825.609  	2840.866  	-40.140   	
4210987   	1827.802  	2841.163  	-36.204   	
4211086   	1830.478  	2841.496  	-31.471   	
4211185   	1833.074  	2841.859  	-26.774   	
4211287   	1835.688  	2842.181  	-22.142   	
4211386   	1838.057  	2842.482  	-17.910   	
4211485   	1840.493  	2842.807  	-13.554   	
4211584   	1842.740  	2843.098  	-9.538    	
4211686   	1844.488  	2843.331  	-6.451    	
4211785   	1846.573  	2843.599  	-2.719    	
4211887   	1848.595  	2843.874  	0.934     	
4211986   	1851.188  	2844.205  	5.603     	
4212085   	1853.744  	2844.517  	10.091    	
4212184   	1855.597  	2844.775  	13.489    	
4212286   	1858.445  	2845.127  	18.472    	
4212385   	1861.550  	2845.538  	24.073    	
4212484   	1863.675  	2845.838  	27.972    	
4212586   	1865.403  	2846.045  	30.947    	
4212685   	1867.373  	2846.308  	34.518    	
4212787   	1868.775  	2846.493  	37.001    	
4212886   	1869.506  	2846.580  	38.297    	
4212985   	1871.052  	2846.787  	41.052    	
4213084   	1872.979  	2847.040  	44.561    	
4213186   	1875.114  	2847.300  	48.321    	
4213285   	1877.257  	2847.574  	52.172    	
4213384   	1878.955  	2847.792  	55.167    	


Session #3

Time Stamp 	X-axis 		Y-axis 		Z-axis 		
4234906   	2281.682  	2899.881  	136.031   	
4235005   	2281.683  	2899.882  	136.031   	
4235107   	2281.841  	2899.922  	135.758   	
4235206   	2283.110  	2900.044  	133.623   	
4235305   	2283.834  	2900.162  	132.347   	
4235407   	2285.242  	2900.327  	130.000   	
4235506   	2286.617  	2900.490  	127.691   	
4235608   	2288.049  	2900.700  	125.224   	
4235707   	2290.205  	2900.980  	121.526   	
4235806   	2292.730  	2901.283  	117.247   	
4235905   	2295.396  	2901.628  	112.690   	
4236004   	2297.889  	2901.918  	108.458   	
4236106   	2300.280  	2902.251  	104.351   	
4236235   	2303.204  	2902.592  	99.386    	
4236334   	2304.872  	2902.824  	96.547    	
4236436   	2306.194  	2903.014  	94.213    	
4236538   	2307.513  	2903.174  	91.976    	
4236637   	2309.394  	2903.434  	88.783    	
4236736   	2312.833  	2903.824  	82.962    	
4236835   	2316.802  	2904.325  	76.113    	
4236937   	2320.096  	2904.747  	70.602    	
4237036   	2322.914  	2905.105  	65.746    	
4237135   	2325.373  	2905.417  	61.629    	
4237237   	2328.404  	2905.806  	56.368    	
4237336   	2330.606  	2906.058  	52.624    	
4237438   	2331.657  	2906.212  	50.811    	
4237537   	2332.339  	2906.289  	49.660    	
4237636   	2333.859  	2906.496  	47.042    	
4237735   	2335.705  	2906.739  	43.865    	
4237834   	2337.407  	2906.959  	40.945    	
4237936   	2339.910  	2907.240  	36.734    	
4238038   	2342.111  	2907.518  	32.964    	
4238137   	2344.107  	2907.759  	29.576    	
4238236   	2344.890  	2907.882  	28.186    	
4238335   	2345.550  	2907.953  	27.102    	
4238437   	2347.512  	2908.200  	23.724    	
4238536   	2350.149  	2908.546  	19.229    	
4238635   	2352.014  	2908.788  	16.061    	
4238737   	2353.597  	2908.962  	13.379    	
4238836   	2355.327  	2909.175  	10.416    	
4238938   	2357.305  	2909.434  	7.012     	
4239037   	2359.694  	2909.762  	2.911     	
4239136   	2362.379  	2910.056  	-1.564    	
4239235   	2364.362  	2910.309  	-4.942    	
4239334   	2366.197  	2910.529  	-8.080    	
4239436   	2367.803  	2910.742  	-10.847   	
4239535   	2369.419  	2910.942  	-13.637   	
4239637   	2371.551  	2911.206  	-17.285   	
4239736   	2373.748  	2911.465  	-20.991   	
4239835   	2375.523  	2911.698  	-24.042   	


Session #4

Time Stamp 	X-axis 		Y-axis 		Z-axis 		
4281376   	1836.515  	2737.759  	-336.331  	
4281475   	1836.514  	2737.759  	-336.332  	
4281574   	1836.515  	2737.760  	-336.330  	
4281676   	1836.517  	2737.759  	-336.329  	
4281775   	1836.516  	2737.759  	-336.329  	
4281877   	1836.519  	2737.759  	-336.330  	
4281976   	1836.520  	2737.759  	-336.330  	
4282075   	1836.521  	2737.759  	-336.331  	
4282177   	1836.527  	2737.756  	-336.326  	
4282276   	1836.526  	2737.756  	-336.322  	
4282375   	1836.569  	2737.774  	-336.322  	
4282474   	1837.434  	2737.870  	-336.309  	
4282576   	1837.889  	2737.923  	-336.303  	
4282675   	1838.467  	2738.006  	-336.290  	
4282777   	1839.146  	2738.083  	-336.279  	
4282876   	1839.768  	2738.172  	-336.270  	
4282975   	1840.490  	2738.258  	-336.263  	
4283074   	1841.159  	2738.353  	-336.253  	
4283176   	1841.706  	2738.416  	-336.251  	
4283275   	1842.794  	2738.563  	-336.248  	
4283374   	1843.938  	2738.706  	-336.242  	
4283476   	1845.034  	2738.840  	-336.238  	
4283575   	1846.257  	2739.000  	-336.228  	
4283677   	1847.463  	2739.160  	-336.213  	
4283776   	1848.261  	2739.253  	-336.204  	
4283875   	1849.227  	2739.381  	-336.201  	
4283974   	1850.559  	2739.549  	-336.186  	
4284076   	1851.177  	2739.627  	-336.179  	
4284175   	1852.118  	2739.758  	-336.159  	
4284274   	1853.340  	2739.920  	-336.137  	
4284376   	1854.685  	2740.092  	-336.122  	
4284475   	1856.284  	2740.298  	-336.102  	
4284574   	1858.023  	2740.521  	-336.092  	
4284676   	1859.759  	2740.745  	-336.080  	
4284775   	1861.286  	2740.944  	-336.067  	
4284874   	1862.687  	2741.120  	-336.046  	
4284976   	1863.156  	2741.180  	-336.045  	
4285075   	1864.280  	2741.327  	-336.039  	
4285177   	1865.523  	2741.494  	-336.029  	
4285276   	1868.035  	2741.808  	-335.982  	
4285375   	1870.640  	2742.149  	-335.949  	
4285474   	1873.069  	2742.459  	-335.928  	
4285576   	1876.340  	2742.870  	-335.913  	
4285675   	1878.927  	2743.205  	-335.892  	
4285777   	1880.238  	2743.370  	-335.883  	
4285876   	1881.262  	2743.500  	-335.866  	
4285975   	1882.357  	2743.648  	-335.850  	
4286074   	1883.640  	2743.806  	-335.829  	
4286176   	1885.210  	2744.012  	-335.799  	
4286275   	1886.452  	2744.168  	-335.791  	


Session #5

Time Stamp 	X-axis 		Y-axis 		Z-axis 		
4305689   	1815.511  	2735.087  	-353.406  	
4305791   	1815.509  	2735.086  	-353.407  	
4305890   	1815.511  	2735.087  	-353.407  	
4305989   	1815.521  	2735.089  	-354.427  	
4306091   	1815.542  	2735.089  	-355.385  	
4306190   	1815.554  	2735.088  	-357.031  	
4306289   	1815.581  	2735.087  	-359.602  	
4306388   	1815.592  	2735.089  	-360.715  	
4306520   	1815.613  	2735.089  	-362.667  	
4306619   	1815.630  	2735.092  	-364.501  	
4306718   	1815.647  	2735.094  	-366.249  	
4306820   	1815.700  	2735.083  	-370.749  	
4306919   	1815.738  	2735.085  	-374.105  	
4307021   	1815.750  	2735.096  	-375.488  	
4307120   	1815.780  	2735.092  	-378.481  	
4307219   	1815.806  	2735.092  	-380.820  	
4307318   	1815.838  	2735.094  	-383.613  	
4307420   	1815.862  	2735.095  	-386.705  	
4307519   	1815.892  	2735.105  	-389.753  	
4307621   	1815.938  	2735.098  	-394.032  	
4307720   	1815.961  	2735.099  	-396.535  	
4307819   	1815.974  	2735.102  	-397.554  	
4307921   	1816.007  	2735.104  	-400.465  	
4308020   	1816.030  	2735.099  	-403.191  	
4308119   	1816.055  	2735.102  	-405.738  	
4308218   	1816.099  	2735.080  	-410.078  	
4308320   	1816.097  	2735.106  	-410.079  	
4308419   	1816.097  	2735.099  	-410.436  	
4308521   	1816.099  	2735.100  	-410.813  	
4308620   	1816.087  	2735.098  	-410.948  	
4308719   	1816.011  	2735.087  	-411.008  	
4308818   	1815.771  	2735.074  	-411.086  	
4308920   	1815.614  	2735.073  	-411.131  	
4309019   	1815.499  	2735.063  	-411.131  	
4309118   	1815.320  	2735.061  	-411.156  	
4309220   	1815.023  	2735.038  	-411.199  	
4309319   	1814.860  	2735.051  	-411.267  	
4309421   	1815.602  	2735.097  	-411.472  	
4309520   	1816.114  	2735.109  	-412.334  	
4309628   	1816.029  	2735.152  	-413.386  	
4309730   	1816.029  	2735.152  	-413.386  	
4309829   	1816.029  	2735.152  	-413.386  	
4309931   	1816.029  	2735.152  	-413.386  	
4310030   	1816.029  	2735.152  	-413.386  	
4310129   	1816.029  	2735.152  	-413.386  	
4310228   	1816.029  	2735.152  	-413.386  	
4310330   	1816.029  	2735.152  	-413.386  	
4310429   	1816.029  	2735.152  	-413.386  	
4310531   	1816.029  	2735.152  	-413.386  	
4310630   	1816.029  	2735.152  	-413.386  	


Session #6

Time Stamp 	X-axis 		Y-axis 		Z-axis 		
4351672   	1809.260  	2780.092  	-311.598  	
4351774   	1809.261  	2780.090  	-311.601  	
4351873   	1809.261  	2780.091  	-311.604  	
4351972   	1809.257  	2780.090  	-311.606  	
4352074   	1809.268  	2780.087  	-311.585  	
4352173   	1809.270  	2780.089  	-311.572  	
4352272   	1809.264  	2780.093  	-311.575  	
4352371   	1809.268  	2780.094  	-311.560  	
4352470   	1809.263  	2780.099  	-311.566  	
4352572   	1809.259  	2780.102  	-311.568  	
4352671   	1809.185  	2780.700  	-311.570  	
4352773   	1809.049  	2781.793  	-311.563  	
4352872   	1808.715  	2784.601  	-311.593  	
4352971   	1808.368  	2787.480  	-311.590  	
4353073   	1807.925  	2790.625  	-311.605  	
4353172   	1807.556  	2793.460  	-311.607  	
4353271   	1807.115  	2796.934  	-311.628  	
4353370   	1806.731  	2799.983  	-311.620  	
4353469   	1806.560  	2801.304  	-311.613  	
4353571   	1806.221  	2803.840  	-311.614  	
4353670   	1806.046  	2805.258  	-311.624  	
4353772   	1805.954  	2806.101  	-311.638  	
4353871   	1805.791  	2807.359  	-311.633  	
4353970   	1805.572  	2809.000  	-311.639  	
4354072   	1805.455  	2809.916  	-311.622  	
4354171   	1805.428  	2810.162  	-311.631  	
4354270   	1805.346  	2810.896  	-311.640  	
4354369   	1804.800  	2815.033  	-311.634  	
4354471   	1804.557  	2817.256  	-311.616  	
4354570   	1804.419  	2818.190  	-311.625  	
4354672   	1804.256  	2819.468  	-311.621  	
4354771   	1804.064  	2820.990  	-311.625  	
4354870   	1803.928  	2822.072  	-311.635  	
4354969   	1803.823  	2822.813  	-311.630  	
4355071   	1803.718  	2823.682  	-311.634  	
4355170   	1803.582  	2824.677  	-311.636  	
4355269   	1803.510  	2825.253  	-311.641  	
4355371   	1803.385  	2826.191  	-311.632  	
4355470   	1803.281  	2827.055  	-311.634  	
4355572   	1803.232  	2827.550  	-311.634  	
4355671   	1803.114  	2828.427  	-311.629  	
4355770   	1803.006  	2829.329  	-311.633  	
4355869   	1802.758  	2831.230  	-311.627  	
4355971   	1802.674  	2831.938  	-311.622  	
4356070   	1802.555  	2832.935  	-311.618  	
4356172   	1802.437  	2833.805  	-311.614  	
4356271   	1802.364  	2834.401  	-311.617  	
4356370   	1802.289  	2835.032  	-311.613  	
4356469   	1802.183  	2835.779  	-311.613  	
4356571   	1802.067  	2836.749  	-311.608  	
